[gd_scene load_steps=31 format=3 uid="uid://cpvimjxc4obem"]

[ext_resource type="Script" uid="uid://d0u76i8q3uo4q" path="res://Scripts/basic_enemy.gd" id="1_fecjr"]
[ext_resource type="PackedScene" uid="uid://dudl7j132hyk" path="res://3D/BasicConnectedDude.blend" id="2_fecjr"]
[ext_resource type="AudioStream" uid="uid://cvxyyt6ow30ir" path="res://Sounds/single-pistol-gunshot-33-37187.wav" id="3_lal1l"]

[sub_resource type="CapsuleShape3D" id="CapsuleShape3D_lal1l"]
radius = 0.07714844
height = 0.27856445

[sub_resource type="CapsuleShape3D" id="CapsuleShape3D_mbxfi"]
radius = 0.17285156
height = 0.76287395

[sub_resource type="CapsuleShape3D" id="CapsuleShape3D_fecjr"]
radius = 0.072753906
height = 0.3600006

[sub_resource type="CapsuleShape3D" id="CapsuleShape3D_r4aor"]
radius = 0.05419922
height = 0.47485352

[sub_resource type="CapsuleShape3D" id="CapsuleShape3D_6kac6"]
radius = 0.06689453
height = 0.3612671

[sub_resource type="CapsuleShape3D" id="CapsuleShape3D_6cefa"]
radius = 0.05126953
height = 0.41967773

[sub_resource type="CapsuleShape3D" id="CapsuleShape3D_6pvwk"]
radius = 0.058576625
height = 0.58576626

[sub_resource type="CapsuleShape3D" id="CapsuleShape3D_dhrsy"]
radius = 0.024788445
height = 0.23527035

[sub_resource type="CapsuleShape3D" id="CapsuleShape3D_nk2ac"]
radius = 0.032165624
height = 0.29754686

[sub_resource type="CapsuleShape3D" id="CapsuleShape3D_h7iov"]
radius = 0.016575402
height = 0.14129202

[sub_resource type="CapsuleShape3D" id="CapsuleShape3D_n7d1f"]
radius = 0.041148417
height = 0.37337884

[sub_resource type="CapsuleShape3D" id="CapsuleShape3D_62ls6"]
radius = 0.038324304
height = 0.3610551

[sub_resource type="CapsuleShape3D" id="CapsuleShape3D_gw7x3"]
radius = 0.024788445
height = 0.2367352

[sub_resource type="CapsuleShape3D" id="CapsuleShape3D_f0pfe"]
radius = 0.032165624
height = 0.29266405

[sub_resource type="CapsuleShape3D" id="CapsuleShape3D_jlwu0"]
radius = 0.041148417
height = 0.3665429

[sub_resource type="CapsuleShape3D" id="CapsuleShape3D_xm2ed"]
radius = 0.038324304
height = 0.3615434

[sub_resource type="AnimationNodeAnimation" id="AnimationNodeAnimation_fecjr"]
animation = &"Fire"

[sub_resource type="AnimationNodeAnimation" id="AnimationNodeAnimation_lal1l"]
animation = &"Aim"

[sub_resource type="AnimationNodeAnimation" id="AnimationNodeAnimation_6kac6"]
animation = &"Run"

[sub_resource type="AnimationNodeAnimation" id="AnimationNodeAnimation_6cefa"]
animation = &"Idle"

[sub_resource type="AnimationNodeAnimation" id="AnimationNodeAnimation_r4aor"]
animation = &"Walk"

[sub_resource type="AnimationNodeBlend2" id="AnimationNodeBlend2_fecjr"]
filter_enabled = true
filters = ["", "Armature/Skeleton3D:Gun", "Armature/Skeleton3D:Hand.l", "Armature/Skeleton3D:Head", "Armature/Skeleton3D:IKLegPole.l", "Armature/Skeleton3D:IKLegPole.r", "Armature/Skeleton3D:IKLegTarget.l", "Armature/Skeleton3D:IKLegTarget.r", "Armature/Skeleton3D:LowerArm.l", "Armature/Skeleton3D:LowerArm.r", "Armature/Skeleton3D:UpperArm.l", "Armature/Skeleton3D:UpperArm.r"]

[sub_resource type="AnimationNodeBlend3" id="AnimationNodeBlend3_6pvwk"]

[sub_resource type="AnimationNodeOneShot" id="AnimationNodeOneShot_lal1l"]

[sub_resource type="AnimationNodeTimeSeek" id="AnimationNodeTimeSeek_fecjr"]

[sub_resource type="AnimationNodeBlendTree" id="AnimationNodeBlendTree_6pvwk"]
nodes/output/position = Vector2(540, 140)
nodes/Animation/node = SubResource("AnimationNodeAnimation_r4aor")
nodes/Animation/position = Vector2(-580, 140)
nodes/Blend3/node = SubResource("AnimationNodeBlend3_6pvwk")
nodes/Blend3/position = Vector2(280, 240)
"nodes/Animation 3/node" = SubResource("AnimationNodeAnimation_lal1l")
"nodes/Animation 3/position" = Vector2(-1040, 360)
"nodes/Animation 4/node" = SubResource("AnimationNodeAnimation_6kac6")
"nodes/Animation 4/position" = Vector2(-100, 340)
"nodes/Animation 5/node" = SubResource("AnimationNodeAnimation_6cefa")
"nodes/Animation 5/position" = Vector2(-80, 560)
nodes/Blend2/node = SubResource("AnimationNodeBlend2_fecjr")
nodes/Blend2/position = Vector2(-300, 180)
nodes/TimeSeek/node = SubResource("AnimationNodeTimeSeek_fecjr")
nodes/TimeSeek/position = Vector2(-740, 340)
nodes/OneShot/node = SubResource("AnimationNodeOneShot_lal1l")
nodes/OneShot/position = Vector2(-520, 360)
"nodes/Animation 2/node" = SubResource("AnimationNodeAnimation_fecjr")
"nodes/Animation 2/position" = Vector2(-740, 580)
node_connections = [&"output", 0, &"Blend3", &"Blend3", 0, &"Blend2", &"Blend3", 1, &"Animation 4", &"Blend3", 2, &"Animation 5", &"Blend2", 0, &"Animation", &"Blend2", 1, &"OneShot", &"TimeSeek", 0, &"Animation 3", &"OneShot", 0, &"TimeSeek", &"OneShot", 1, &"Animation 2"]

[sub_resource type="CapsuleShape3D" id="CapsuleShape3D_jlik3"]
radius = 0.24804688
height = 1.7792969

[node name="BasicEnemy" type="CharacterBody3D"]
collision_layer = 4
script = ExtResource("1_fecjr")
health = null
speed = null
rotation_speed = null
blend_speed = null

[node name="BasicConnectedDude" parent="." instance=ExtResource("2_fecjr")]

[node name="Empty" parent="BasicConnectedDude" index="0"]
visible = false

[node name="Empty_001" parent="BasicConnectedDude" index="1"]
visible = false

[node name="Skeleton3D" parent="BasicConnectedDude/Armature" index="0"]
bones/0/position = Vector3(0, 0.88754505, 0)
bones/1/rotation = Quaternion(0.1711988, -0.006000676, -0.008272952, 0.9851835)
bones/2/rotation = Quaternion(0.013150936, 0.01233146, 0.9787608, -0.20421155)
bones/3/rotation = Quaternion(0.12763143, 0.009884094, -0.05563355, 0.99021083)
bones/4/rotation = Quaternion(-0.020424629, 0.011224384, -0.04524088, 0.9987043)
bones/5/rotation = Quaternion(0.07412162, -1.3419483e-07, -0.08022053, 0.99401754)
bones/6/rotation = Quaternion(-0.017943816, 0.13949552, 0.9882453, -0.059919674)
bones/7/rotation = Quaternion(-0.309012, 0.00050445995, -0.053149186, 0.94957185)
bones/8/rotation = Quaternion(0.68584853, -0.0023776623, 0.016669111, 0.7275496)
bones/9/rotation = Quaternion(-0.36214674, 0.07122327, 0.9159516, 0.15751064)
bones/10/rotation = Quaternion(0.1276314, -0.00988411, 0.055633556, 0.99021083)
bones/12/rotation = Quaternion(0.010823333, 0.13957824, 0.9882655, 0.061090708)
bones/13/rotation = Quaternion(-0.309012, -0.0005044611, 0.053149194, 0.94957185)
bones/14/rotation = Quaternion(0.689981, -0.0040558907, -0.013859457, 0.7236834)
bones/15/position = Vector3(0.09680532, 0.592891, 0.59586024)
bones/15/rotation = Quaternion(-0.027907383, 0.7062706, 0.70655584, -0.0343802)
bones/16/position = Vector3(0.1493951, 0.096743464, -0.029801106)
bones/16/rotation = Quaternion(0.017548267, -0.7110866, 0.70266116, -0.017758686)
bones/17/position = Vector3(-0.10557927, 0.5945051, 0.5960767)
bones/17/rotation = Quaternion(0.013315002, 0.70541024, 0.7069814, 0.048953414)
bones/18/position = Vector3(-0.1493951, 0.096743464, -0.029801106)
bones/18/rotation = Quaternion(-0.017653788, -0.7068864, 0.70688635, 0.017653788)

[node name="Head" type="BoneAttachment3D" parent="BasicConnectedDude/Armature/Skeleton3D" index="8"]
transform = Transform3D(0.9997911, 0.014246136, -0.014656175, -0.018355371, 0.941245, -0.3372252, 0.008990897, 0.33742377, 0.9413099, 0, 1.4733113, 0)
bone_name = "Head"
bone_idx = 1

[node name="Head" type="Area3D" parent="BasicConnectedDude/Armature/Skeleton3D/Head"]
collision_layer = 2
collision_mask = 2

[node name="CollisionShape3D" type="CollisionShape3D" parent="BasicConnectedDude/Armature/Skeleton3D/Head/Head"]
transform = Transform3D(1, 0, 6.41065e-23, 2.0679515e-25, 1, 0, 4.135903e-25, 0, 1, -3.3087225e-24, 0.17956579, -5.9604645e-08)
shape = SubResource("CapsuleShape3D_lal1l")

[node name="Body" type="BoneAttachment3D" parent="BasicConnectedDude/Armature/Skeleton3D" index="9"]
transform = Transform3D(1, 0, 0, 0, 1, 0, 0, 0, 1, 0, 0.88754505, 0)
bone_name = "Body"
bone_idx = 0

[node name="Body" type="Area3D" parent="BasicConnectedDude/Armature/Skeleton3D/Body"]
collision_layer = 2
collision_mask = 2

[node name="Body" type="CollisionShape3D" parent="BasicConnectedDude/Armature/Skeleton3D/Body/Body"]
transform = Transform3D(1, 0, 0, 0, 1, 0, 0, 0, 1, 0, 0.26797718, 0.016011342)
shape = SubResource("CapsuleShape3D_mbxfi")

[node name="UpperArm_l" type="BoneAttachment3D" parent="BasicConnectedDude/Armature/Skeleton3D" index="10"]
transform = Transform3D(-0.9162489, 0.40007272, 0.020706777, -0.39942396, -0.91629094, 0.02951023, 0.030779677, 0.018767947, 0.9993494, 0.17976017, 1.4025279, 1.9315712e-07)
bone_name = "UpperArm.l"
bone_idx = 2

[node name="UpperArm_l" type="Area3D" parent="BasicConnectedDude/Armature/Skeleton3D/UpperArm_l"]
collision_layer = 2
collision_mask = 2

[node name="CollisionShape3D" type="CollisionShape3D" parent="BasicConnectedDude/Armature/Skeleton3D/UpperArm_l/UpperArm_l"]
transform = Transform3D(1, 2.650272e-07, -9.604264e-10, -3.389232e-09, 1.0000004, -3.7252903e-09, 1.29512046e-08, -2.7939677e-09, 1, 2.9802322e-07, 0.11667645, 3.7252903e-08)
shape = SubResource("CapsuleShape3D_fecjr")

[node name="UpperArm_r" type="BoneAttachment3D" parent="BasicConnectedDude/Armature/Skeleton3D" index="11"]
transform = Transform3D(-0.6880801, -0.34013078, -0.64098066, 0.23695761, -0.9402351, 0.24455796, -0.6858544, 0.016390206, 0.72755355, -0.17976017, 1.4025279, 1.9315712e-07)
bone_name = "UpperArm.r"
bone_idx = 9

[node name="UpperArm_r" type="Area3D" parent="BasicConnectedDude/Armature/Skeleton3D/UpperArm_r"]
collision_layer = 2
collision_mask = 2

[node name="CollisionShape3D" type="CollisionShape3D" parent="BasicConnectedDude/Armature/Skeleton3D/UpperArm_r/UpperArm_r"]
transform = Transform3D(1, 2.650272e-07, -9.604264e-10, -3.389232e-09, 1.0000004, -3.7252903e-09, 1.29512046e-08, -2.7939677e-09, 1, 2.9802322e-07, 0.11667645, 3.7252903e-08)
shape = SubResource("CapsuleShape3D_fecjr")

[node name="LowerArm_l" type="BoneAttachment3D" parent="BasicConnectedDude/Armature/Skeleton3D" index="12"]
transform = Transform3D(-0.9541673, 0.28651106, -0.086459324, -0.29922703, -0.91835535, 0.2590098, -0.0051912013, 0.27300975, 0.96199673, 0.278932, 1.1753937, 0.004652441)
bone_name = "LowerArm.l"
bone_idx = 3

[node name="LowerArm_l" type="Area3D" parent="BasicConnectedDude/Armature/Skeleton3D/LowerArm_l"]
collision_layer = 2
collision_mask = 2

[node name="CollisionShape3D" type="CollisionShape3D" parent="BasicConnectedDude/Armature/Skeleton3D/LowerArm_l/LowerArm_l"]
transform = Transform3D(0.999997, -2.7788337e-07, 1.3154931e-08, 1.4630496e-07, 0.9999989, 0, 7.475028e-07, 5.066395e-07, 1, -2.9802322e-08, 0.2464602, 5.9604645e-08)
shape = SubResource("CapsuleShape3D_r4aor")

[node name="LowerArm_r" type="BoneAttachment3D" parent="BasicConnectedDude/Armature/Skeleton3D" index="13"]
transform = Transform3D(-0.7419527, -0.4107086, -0.5299283, 0.1424838, -0.86894125, 0.47396088, -0.6551366, 0.27615035, 0.70323265, -0.2640733, 1.1694583, 0.0040630302)
bone_name = "LowerArm.r"
bone_idx = 10

[node name="LowerArm_r" type="Area3D" parent="BasicConnectedDude/Armature/Skeleton3D/LowerArm_r"]
collision_layer = 2
collision_mask = 2

[node name="CollisionShape3D" type="CollisionShape3D" parent="BasicConnectedDude/Armature/Skeleton3D/LowerArm_r/LowerArm_r"]
transform = Transform3D(0.999997, -2.7788337e-07, 1.3154931e-08, 1.4630496e-07, 0.9999989, 0, 7.475028e-07, 5.066395e-07, 1, -2.9802322e-08, 0.2464602, 5.9604645e-08)
shape = SubResource("CapsuleShape3D_r4aor")

[node name="UpperLeg_l" type="BoneAttachment3D" parent="BasicConnectedDude/Armature/Skeleton3D" index="14"]
transform = Transform3D(-0.99217296, 0.113424495, -0.052182715, -0.12343653, -0.9539013, 0.27356058, -0.018748686, 0.27786195, 0.96043587, 0.094328955, 0.8492305, -0.012934335)
bone_name = "UpperLeg.l"
bone_idx = 6

[node name="UpperLeg_l" type="Area3D" parent="BasicConnectedDude/Armature/Skeleton3D/UpperLeg_l"]
collision_layer = 2
collision_mask = 2

[node name="CollisionShape3D" type="CollisionShape3D" parent="BasicConnectedDude/Armature/Skeleton3D/UpperLeg_l/UpperLeg_l"]
transform = Transform3D(1.0000056, -3.7811697e-07, -7.8976154e-07, -1.7043203e-07, 1, 1.616776e-06, -5.5134296e-07, 1.5646219e-07, 1.0000023, -4.4703484e-08, 0.23715234, 8.195639e-08)
shape = SubResource("CapsuleShape3D_6kac6")

[node name="UpperLeg_r" type="BoneAttachment3D" parent="BasicConnectedDude/Armature/Skeleton3D" index="15"]
transform = Transform3D(-0.9922992, -0.117726274, 0.038446434, 0.123768784, -0.9535717, 0.2745577, 0.0043387758, 0.27720314, 0.9607994, -0.094328955, 0.8492305, -0.012934335)
bone_name = "UpperLeg.r"
bone_idx = 12

[node name="UpperLeg_r" type="Area3D" parent="BasicConnectedDude/Armature/Skeleton3D/UpperLeg_r"]
collision_layer = 2
collision_mask = 2

[node name="CollisionShape3D" type="CollisionShape3D" parent="BasicConnectedDude/Armature/Skeleton3D/UpperLeg_r/UpperLeg_r"]
transform = Transform3D(1.0000056, -4.323665e-07, -7.962808e-07, -2.1420419e-07, 1, 1.6987324e-06, -5.559996e-07, 1.5646219e-07, 1.0000023, -7.4505806e-08, 0.23715234, 7.4505806e-08)
shape = SubResource("CapsuleShape3D_6kac6")

[node name="LowerLeg_l" type="BoneAttachment3D" parent="BasicConnectedDude/Armature/Skeleton3D" index="16"]
transform = Transform3D(-0.9997153, 0.021910334, -0.00919991, -0.017433196, -0.93931586, -0.34260976, -0.01614844, -0.34235078, 0.93943137, 0.14100134, 0.45671526, 0.101401456)
bone_name = "LowerLeg.l"
bone_idx = 7

[node name="LowerLeg_l" type="Area3D" parent="BasicConnectedDude/Armature/Skeleton3D/LowerLeg_l"]
collision_layer = 2
collision_mask = 2

[node name="CollisionShape3D" type="CollisionShape3D" parent="BasicConnectedDude/Armature/Skeleton3D/LowerLeg_l/LowerLeg_l"]
transform = Transform3D(1, 7.23172e-07, 3.4086406e-07, -1.1571683e-07, 1, 1.0430813e-07, -2.7939677e-08, -4.172325e-07, 1.0000006, -1.4901161e-08, 0.27709913, -1.0803342e-07)
shape = SubResource("CapsuleShape3D_6cefa")

[node name="LowerLeg_r" type="BoneAttachment3D" parent="BasicConnectedDude/Armature/Skeleton3D" index="17"]
transform = Transform3D(-0.9998383, -0.017291566, -0.0044330824, 0.017765129, -0.9396697, -0.34162086, 0.0017416552, -0.3416434, 0.939826, -0.14277145, 0.4568509, 0.10113037)
bone_name = "LowerLeg.r"
bone_idx = 13

[node name="LowerLeg_r" type="Area3D" parent="BasicConnectedDude/Armature/Skeleton3D/LowerLeg_r"]
collision_layer = 2
collision_mask = 2

[node name="CollisionShape3D" type="CollisionShape3D" parent="BasicConnectedDude/Armature/Skeleton3D/LowerLeg_r/LowerLeg_r"]
transform = Transform3D(1, 7.23172e-07, 3.4086406e-07, -1.1571683e-07, 1, 1.0430813e-07, -2.7939677e-08, -4.172325e-07, 1.0000006, -1.4901161e-08, 0.27709913, -1.0803342e-07)
shape = SubResource("CapsuleShape3D_6cefa")

[node name="PhysicalBoneSimulator3D" type="PhysicalBoneSimulator3D" parent="BasicConnectedDude/Armature/Skeleton3D" index="18"]
visible = false

[node name="Physical Bone Body" type="PhysicalBone3D" parent="BasicConnectedDude/Armature/Skeleton3D/PhysicalBoneSimulator3D"]
transform = Transform3D(1, -6.0697205e-23, 3.9686317e-23, 3.9686314e-23, -2.9802322e-08, -1, 6.0697205e-23, 1, -2.9802322e-08, 1.1621888e-22, 1.1978006, -1.7867424e-06)
collision_layer = 2
collision_mask = 2
joint_offset = Transform3D(1, 0, 0, 0, 1, 0, 0, 0, 1, -1.2853166e-22, 1.7959887e-06, 0.3102556)
body_offset = Transform3D(1, -6.0697205e-23, 3.9686317e-23, 3.9686314e-23, -2.9802322e-08, -1, 6.0697205e-23, 1, -2.9802322e-08, 1.1621888e-22, 0.3102556, -1.7867424e-06)
friction = 0.0
bone_name = "Body"

[node name="CollisionShape3D" type="CollisionShape3D" parent="BasicConnectedDude/Armature/Skeleton3D/PhysicalBoneSimulator3D/Physical Bone Body"]
transform = Transform3D(1, 0, 0, 0, 0, 1, 0, -1, 0, 0, 0, 0)
shape = SubResource("CapsuleShape3D_6pvwk")
debug_color = Color(0.9737684, 0, 0.43501937, 0.41960785)

[node name="Physical Bone UpperArm_l" type="PhysicalBone3D" parent="BasicConnectedDude/Armature/Skeleton3D/PhysicalBoneSimulator3D"]
transform = Transform3D(-0.9160128, 0.020710746, -0.40061417, -0.39996558, 0.029505612, 0.91605514, 0.030792551, 0.9993501, -0.01874393, 0.24549028, 1.2541971, 0.0029085812)
collision_layer = 2
collision_mask = 2
joint_type = 2
joint_offset = Transform3D(1, 0, 0, 0, 1, 0, 0, 0, 1, 0.0007928621, 0.000108773784, 0.1622661)
body_offset = Transform3D(1.0000005, -1.7732382e-06, 0.0005910201, 0.0005909667, 5.8300793e-06, -1.0000001, 1.7695129e-06, 1.0000006, 5.8282167e-06, -0.00088876486, 0.16226566, -0.000109720975)
friction = 0.0
bone_name = "UpperArm.l"
joint_constraints/swing_span = 45.0
joint_constraints/twist_span = 45.0
joint_constraints/bias = 0.3
joint_constraints/softness = 0.8
joint_constraints/relaxation = 1.0

[node name="CollisionShape3D" type="CollisionShape3D" parent="BasicConnectedDude/Armature/Skeleton3D/PhysicalBoneSimulator3D/Physical Bone UpperArm_l"]
transform = Transform3D(1, -2.0582229e-07, -2.0489097e-08, -1.1175871e-08, 3.7252903e-09, 0.99999964, -2.9685907e-09, -0.9999994, -1.3038516e-08, 0, 3.7252903e-09, 0.0063073635)
shape = SubResource("CapsuleShape3D_dhrsy")
debug_color = Color(0.97814196, 0, 0.4022961, 0.41960785)

[node name="Physical Bone LowerArm_l" type="PhysicalBone3D" parent="BasicConnectedDude/Armature/Skeleton3D/PhysicalBoneSimulator3D"]
transform = Transform3D(-0.95423365, -0.086354576, -0.2863233, -0.29901633, 0.25873867, 0.9185007, -0.0052338275, 0.96207964, -0.27271855, 0.3307658, 1.0169759, 0.05200118)
collision_layer = 2
collision_mask = 2
joint_type = 2
joint_offset = Transform3D(1, 0, 0, 0, 1, 0, 0, 0, 1, 0.0023398625, -8.8345885e-05, 0.17326099)
body_offset = Transform3D(1.0000006, -1.9236002e-05, -0.00022410252, -0.00022415747, 0.0003016591, -1.0000002, 1.9307714e-05, 1.0000005, 0.0003015101, -0.0023010373, 0.17326158, 3.606081e-05)
friction = 0.0
bone_name = "LowerArm.l"
joint_constraints/swing_span = 45.0
joint_constraints/twist_span = 45.0
joint_constraints/bias = 0.3
joint_constraints/softness = 0.8
joint_constraints/relaxation = 1.0

[node name="CollisionShape3D" type="CollisionShape3D" parent="BasicConnectedDude/Armature/Skeleton3D/PhysicalBoneSimulator3D/Physical Bone LowerArm_l"]
transform = Transform3D(1, 1.3620593e-07, -1.8626451e-09, -8.381903e-09, -2.682209e-07, 1, -6.61239e-08, -1.0000004, 0, 0, 0, -0.012054861)
shape = SubResource("CapsuleShape3D_nk2ac")
debug_color = Color(0.98080987, 0, 0.38050666, 0.41960785)

[node name="Physical Bone Hand_l" type="PhysicalBone3D" parent="BasicConnectedDude/Armature/Skeleton3D/PhysicalBoneSimulator3D"]
transform = Transform3D(-0.97431225, -0.09784265, -0.20283602, -0.21969795, 0.21506092, 0.95156795, -0.04948182, 0.9716871, -0.23103228, 0.3864752, 0.806604, 0.11023602)
collision_layer = 2
collision_mask = 2
joint_type = 2
joint_offset = Transform3D(1, 0, 0, 0, 1, 0, 0, 0, 1, -0.0002555808, 2.4489615e-05, 0.07706599)
body_offset = Transform3D(1.0000005, -0.00030131638, -8.8897534e-05, -8.890871e-05, -6.3598156e-05, -1.0000005, 0.00030130893, 1.0000005, -6.367266e-05, 0.00026243925, 0.077066004, -1.950562e-05)
friction = 0.0
bone_name = "Hand.l"
joint_constraints/swing_span = 45.0
joint_constraints/twist_span = 45.0
joint_constraints/bias = 0.3
joint_constraints/softness = 0.8
joint_constraints/relaxation = 1.0

[node name="CollisionShape3D" type="CollisionShape3D" parent="BasicConnectedDude/Armature/Skeleton3D/PhysicalBoneSimulator3D/Physical Bone Hand_l"]
transform = Transform3D(1, -1.17346644e-07, 1.3411045e-07, 4.0978193e-08, 0, 0.99999905, -1.3317913e-07, -0.99999994, 4.4703484e-08, 5.9604645e-08, 0, -0.0122308135)
shape = SubResource("CapsuleShape3D_h7iov")
debug_color = Color(0.979888, 0, 0.38821447, 0.41960785)

[node name="Physical Bone UpperLeg_l" type="PhysicalBone3D" parent="BasicConnectedDude/Armature/Skeleton3D/PhysicalBoneSimulator3D"]
transform = Transform3D(-0.99221736, -0.05213162, -0.11307977, -0.12309442, 0.2737281, 0.95389766, -0.018775119, 0.9603933, -0.27801487, 0.119954, 0.6336727, 0.049842797)
collision_layer = 2
collision_mask = 2
joint_type = 2
joint_offset = Transform3D(1, 0, 0, 0, 1, 0, 0, 0, 1, 7.029574e-05, 4.9356553e-05, 0.22597075)
body_offset = Transform3D(1.0000023, -7.058121e-05, -0.00033869874, -0.00033872668, -0.00016579032, -0.9999999, 7.0519745e-05, 1.0000023, -0.00016582012, 6.2435865e-06, 0.22597075, -1.1891127e-05)
friction = 0.0
bone_name = "UpperLeg.l"
joint_constraints/swing_span = 45.0
joint_constraints/twist_span = 45.0
joint_constraints/bias = 0.3
joint_constraints/softness = 0.8
joint_constraints/relaxation = 1.0

[node name="CollisionShape3D" type="CollisionShape3D" parent="BasicConnectedDude/Armature/Skeleton3D/PhysicalBoneSimulator3D/Physical Bone UpperLeg_l"]
transform = Transform3D(0.99999976, -7.590279e-08, 0, 5.5879354e-09, -1.0430813e-07, 0.99999976, 2.6309863e-08, -0.99999976, 0, 0, 1.1175871e-08, 0.019052684)
shape = SubResource("CapsuleShape3D_n7d1f")
debug_color = Color(0.9863686, 0, 0.32909745, 0.41960785)

[node name="Physical Bone LowerLeg_l" type="PhysicalBone3D" parent="BasicConnectedDude/Armature/Skeleton3D/PhysicalBoneSimulator3D"]
transform = Transform3D(-0.9997174, -0.009194444, -0.021925334, -0.01744553, -0.34284884, 0.9392286, -0.01615276, 0.93934566, 0.34259152, 0.146512, 0.22054246, 0.015303157)
collision_layer = 2
collision_mask = 2
joint_type = 2
joint_offset = Transform3D(1, 0, 0, 0, 1, 0, 0, 0, 1, -1.7895221e-06, -4.484073e-05, 0.25143757)
body_offset = Transform3D(1.0000024, 8.754432e-08, 1.2628734e-05, 1.3017561e-05, 0.000254035, -1.0000008, 1.8812716e-07, 1.0000014, 0.00025618076, -1.385808e-06, 0.2514378, -1.9572675e-05)
friction = 0.0
bone_name = "LowerLeg.l"
joint_constraints/swing_span = 45.0
joint_constraints/twist_span = 90.0
joint_constraints/bias = 0.3
joint_constraints/softness = 0.8
joint_constraints/relaxation = 1.0

[node name="CollisionShape3D" type="CollisionShape3D" parent="BasicConnectedDude/Armature/Skeleton3D/PhysicalBoneSimulator3D/Physical Bone LowerLeg_l"]
transform = Transform3D(0.99999946, 8.381903e-09, 1.6763806e-08, -9.313226e-09, -1.0430813e-07, 1, 1.8859282e-08, -0.99999964, 1.3411045e-07, -2.9802322e-08, 3.7252903e-09, -0.011093974)
shape = SubResource("CapsuleShape3D_62ls6")
debug_color = Color(0.98303825, 0, 0.36100057, 0.41960785)

[node name="Physical Bone UpperArm_r" type="PhysicalBone3D" parent="BasicConnectedDude/Armature/Skeleton3D/PhysicalBoneSimulator3D"]
transform = Transform3D(-0.6886427, -0.64065695, 0.33960265, 0.23694094, 0.24382043, 0.94043106, -0.68529576, 0.72808677, -0.016107285, -0.2232613, 1.273789, 0.002868582)
collision_layer = 2
collision_mask = 2
joint_type = 2
joint_offset = Transform3D(1, 0, 0, 0, 1, 0, 0, 0, 1, 0.0025124718, 0.0014314349, 0.13588937)
body_offset = Transform3D(1, -0.0007632375, 0.00021582562, 0.00021617953, 0.0005920762, -1.0000001, 0.00076296926, 1, 0.0005922979, -0.0025407076, 0.13588798, -0.0015138388)
friction = 0.0
bone_name = "UpperArm.r"
joint_constraints/swing_span = 45.0
joint_constraints/twist_span = 45.0
joint_constraints/bias = 0.3
joint_constraints/softness = 0.8
joint_constraints/relaxation = 1.0

[node name="CollisionShape3D" type="CollisionShape3D" parent="BasicConnectedDude/Armature/Skeleton3D/PhysicalBoneSimulator3D/Physical Bone UpperArm_r"]
transform = Transform3D(1, -1.8626451e-09, 0, 0, -2.6077032e-08, 1, 4.656613e-09, -0.9999998, -3.8184226e-08, -2.9802322e-08, -2.9802322e-08, 0.0055743456)
shape = SubResource("CapsuleShape3D_gw7x3")
debug_color = Color(0.9847732, 0, 0.34484252, 0.41960785)

[node name="Physical Bone LowerArm_r" type="PhysicalBone3D" parent="BasicConnectedDude/Armature/Skeleton3D/PhysicalBoneSimulator3D"]
transform = Transform3D(-0.7419236, -0.5299653, 0.41071424, 0.14246696, 0.47396812, 0.8689404, -0.6551736, 0.70320064, -0.2761456, -0.35889518, 0.96908796, 0.067791566)
collision_layer = 2
collision_mask = 2
joint_type = 2
joint_offset = Transform3D(1, 0, 0, 0, 1, 0, 0, 0, 1, -5.1175797e-05, -9.708126e-05, 0.23065288)
body_offset = Transform3D(1.0000005, 4.9442053e-05, -7.4505806e-06, -7.584691e-06, 1.4901161e-08, -1.0000005, -4.953146e-05, 1.0000006, -7.4505806e-08, 5.2899122e-05, 0.23065299, 9.7095966e-05)
friction = 0.0
bone_name = "LowerArm.r"
joint_constraints/swing_span = 45.0
joint_constraints/twist_span = 45.0
joint_constraints/bias = 0.3
joint_constraints/softness = 0.8
joint_constraints/relaxation = 1.0

[node name="CollisionShape3D" type="CollisionShape3D" parent="BasicConnectedDude/Armature/Skeleton3D/PhysicalBoneSimulator3D/Physical Bone LowerArm_r"]
transform = Transform3D(1, -5.5134296e-07, -2.9802322e-08, 0, 1.1920929e-07, 1, 5.9604645e-08, -0.99999976, -7.4505806e-08, 0, 0, -0.014496267)
shape = SubResource("CapsuleShape3D_f0pfe")
debug_color = Color(0.9816387, 0, 0.3734039, 0.41960785)

[node name="Physical Bone UpperLeg_r" type="PhysicalBone3D" parent="BasicConnectedDude/Armature/Skeleton3D/PhysicalBoneSimulator3D"]
transform = Transform3D(-0.9923505, 0.038404696, 0.1173264, 0.12337462, 0.27486596, 0.9535342, 0.004371159, 0.96071523, -0.27750152, -0.12330958, 0.6143464, 0.055392526)
collision_layer = 2
collision_mask = 2
joint_type = 2
joint_offset = Transform3D(1, 0, 0, 0, 1, 0, 0, 0, 1, -7.886666e-05, 3.1987965e-05, 0.24633105)
body_offset = Transform3D(1.0000024, 7.92034e-05, 0.00039087143, 0.0003908832, -0.00031235814, -1, -7.908093e-05, 1.0000023, -0.00031232834, -1.7419457e-05, 0.2463311, 4.4941902e-05)
friction = 0.0
bone_name = "UpperLeg.r"
joint_constraints/swing_span = 45.0
joint_constraints/twist_span = 45.0
joint_constraints/bias = 0.3
joint_constraints/softness = 0.8
joint_constraints/relaxation = 1.0

[node name="CollisionShape3D" type="CollisionShape3D" parent="BasicConnectedDude/Armature/Skeleton3D/PhysicalBoneSimulator3D/Physical Bone UpperLeg_r"]
transform = Transform3D(0.99999905, -5.5064447e-08, 2.7939677e-09, -8.381903e-09, -2.2351742e-08, 0.9999996, -9.3714334e-08, -0.99999917, -5.2154064e-08, 0, 7.450581e-09, 0.022470534)
shape = SubResource("CapsuleShape3D_jlwu0")
debug_color = Color(0.9769748, 0, 0.41136557, 0.41960785)

[node name="Physical Bone LowerLeg_r" type="PhysicalBone3D" parent="BasicConnectedDude/Armature/Skeleton3D/PhysicalBoneSimulator3D"]
transform = Transform3D(-0.9998407, -0.0044416087, 0.017289553, 0.017766, -0.34197125, 0.9395425, 0.0017394493, 0.9397, 0.34199566, -0.14714228, 0.22029378, 0.015144564)
collision_layer = 2
collision_mask = 2
joint_type = 2
joint_offset = Transform3D(1, 0, 0, 0, 1, 0, 0, 0, 1, -1.788304e-05, -0.000114290764, 0.2517378)
body_offset = Transform3D(1.0000024, 2.0805746e-06, 3.6280835e-07, -2.3574103e-08, 0.00037243962, -1.0000007, -2.3600878e-06, 1.0000014, 0.0003745556, 1.7791986e-05, 0.251738, 2.0001084e-05)
friction = 0.0
bone_name = "LowerLeg.r"
joint_constraints/swing_span = 45.0
joint_constraints/twist_span = 90.0
joint_constraints/bias = 0.3
joint_constraints/softness = 0.8
joint_constraints/relaxation = 1.0

[node name="CollisionShape3D" type="CollisionShape3D" parent="BasicConnectedDude/Armature/Skeleton3D/PhysicalBoneSimulator3D/Physical Bone LowerLeg_r"]
transform = Transform3D(1, 7.194467e-08, 0, 3.7252903e-09, -1.4901161e-07, 1, 3.9464794e-08, -1, 1.4901161e-08, 0, 3.7252903e-09, -0.010849744)
shape = SubResource("CapsuleShape3D_xm2ed")
debug_color = Color(0.98475224, 0, 0.34504607, 0.41960785)

[node name="AnimationPlayer" parent="BasicConnectedDude" index="3"]
autoplay = "Idle"

[node name="AnimationTree" type="AnimationTree" parent="BasicConnectedDude"]
tree_root = SubResource("AnimationNodeBlendTree_6pvwk")
anim_player = NodePath("../AnimationPlayer")
parameters/Blend3/blend_amount = 1.0
parameters/Blend2/blend_amount = 1.0
parameters/TimeSeek/seek_request = -1.0
parameters/OneShot/active = false
parameters/OneShot/internal_active = false
parameters/OneShot/request = 0

[node name="CollisionShape3D" type="CollisionShape3D" parent="."]
transform = Transform3D(1, 0, 0, 0, 1, 0, 0, 0, 1, 0, 0.90723574, 0)
shape = SubResource("CapsuleShape3D_jlik3")

[node name="RunRay" type="RayCast3D" parent="."]
transform = Transform3D(1, 0, 0, 0, 1, 0, 0, 0, 1, 0, 1.3258612, 0)
target_position = Vector3(0, 0, 20)
collide_with_areas = true
debug_shape_custom_color = Color(0, 1, 0, 1)

[node name="AimRay" type="RayCast3D" parent="."]
transform = Transform3D(1, 0, 0, 0, 1, 0, 0, 0, 1, 0, 1.2055721, 0)
target_position = Vector3(0, 0, 10)
collide_with_areas = true
debug_shape_custom_color = Color(0.5137255, 0.5137255, 0, 1)

[node name="Fire" type="Timer" parent="."]
wait_time = 3.0
one_shot = true

[node name="Sounds" type="Control" parent="."]
layout_mode = 3
anchors_preset = 0
offset_right = 40.0
offset_bottom = 40.0

[node name="FireSound" type="AudioStreamPlayer3D" parent="Sounds"]
stream = ExtResource("3_lal1l")

[connection signal="timeout" from="Fire" to="." method="_on_fire_timeout"]

[editable path="BasicConnectedDude"]
