[gd_scene load_steps=20 format=3 uid="uid://cpvimjxc4obem"]

[ext_resource type="Script" uid="uid://d0u76i8q3uo4q" path="res://Scripts/basic_enemy.gd" id="1_fecjr"]
[ext_resource type="PackedScene" uid="uid://dudl7j132hyk" path="res://3D/BasicConnectedDude.blend" id="2_fecjr"]

[sub_resource type="CapsuleShape3D" id="CapsuleShape3D_lal1l"]
radius = 0.07714844
height = 0.27856445

[sub_resource type="CapsuleShape3D" id="CapsuleShape3D_mbxfi"]
radius = 0.17285156
height = 0.76287395

[sub_resource type="CapsuleShape3D" id="CapsuleShape3D_fecjr"]
radius = 0.072753906
height = 0.3600006

[sub_resource type="CapsuleShape3D" id="CapsuleShape3D_r4aor"]
radius = 0.05419922
height = 0.47485352

[sub_resource type="CapsuleShape3D" id="CapsuleShape3D_6kac6"]
radius = 0.06689453
height = 0.3612671

[sub_resource type="CapsuleShape3D" id="CapsuleShape3D_6cefa"]
radius = 0.05126953
height = 0.41967773

[sub_resource type="CapsuleShape3D" id="CapsuleShape3D_6pvwk"]
radius = 0.058576625
height = 0.58576626

[sub_resource type="CapsuleShape3D" id="CapsuleShape3D_dhrsy"]
radius = 0.024788445
height = 0.2391766

[sub_resource type="CapsuleShape3D" id="CapsuleShape3D_nk2ac"]
radius = 0.032165624
height = 0.31854296

[sub_resource type="CapsuleShape3D" id="CapsuleShape3D_h7iov"]
radius = 0.016575402
height = 0.16575402

[sub_resource type="CapsuleShape3D" id="CapsuleShape3D_n7d1f"]
radius = 0.041148417
height = 0.4078905

[sub_resource type="CapsuleShape3D" id="CapsuleShape3D_62ls6"]
radius = 0.038324304
height = 0.38324302

[sub_resource type="CapsuleShape3D" id="CapsuleShape3D_gw7x3"]
radius = 0.024788445
height = 0.24357113

[sub_resource type="CapsuleShape3D" id="CapsuleShape3D_f0pfe"]
radius = 0.032165624
height = 0.32165623

[sub_resource type="CapsuleShape3D" id="CapsuleShape3D_jlwu0"]
radius = 0.041148417
height = 0.4078905

[sub_resource type="CapsuleShape3D" id="CapsuleShape3D_xm2ed"]
radius = 0.038324304
height = 0.38324302

[sub_resource type="CapsuleShape3D" id="CapsuleShape3D_jlik3"]
radius = 0.24804688

[node name="BasicEnemy" type="CharacterBody3D"]
script = ExtResource("1_fecjr")

[node name="BasicConnectedDude" parent="." instance=ExtResource("2_fecjr")]

[node name="Empty" parent="BasicConnectedDude" index="0"]
visible = false

[node name="Empty_001" parent="BasicConnectedDude" index="1"]
visible = false

[node name="Head" type="BoneAttachment3D" parent="BasicConnectedDude/Armature/Skeleton3D" index="8"]
transform = Transform3D(1, -3.1786402e-18, 4.5971994e-18, 4.5971998e-18, 0.93558127, -0.3531114, -3.1786394e-18, 0.35311136, 0.9355813, 0, 1.5084043, 0)
bone_name = "Head"
bone_idx = 1

[node name="Head" type="Area3D" parent="BasicConnectedDude/Armature/Skeleton3D/Head"]
collision_layer = 2
collision_mask = 2

[node name="CollisionShape3D" type="CollisionShape3D" parent="BasicConnectedDude/Armature/Skeleton3D/Head/Head"]
transform = Transform3D(1, 0, 6.41065e-23, 2.0679515e-25, 1, 0, 4.135903e-25, 0, 1, -3.3087225e-24, 0.17956579, -5.9604645e-08)
shape = SubResource("CapsuleShape3D_lal1l")

[node name="Body" type="BoneAttachment3D" parent="BasicConnectedDude/Armature/Skeleton3D" index="9"]
transform = Transform3D(1, 0, 0, 0, 1, 0, 0, 0, 1, 0, 0.922638, 0)
bone_name = "Body"
bone_idx = 0

[node name="Body" type="Area3D" parent="BasicConnectedDude/Armature/Skeleton3D/Body"]
collision_layer = 2
collision_mask = 2

[node name="Body" type="CollisionShape3D" parent="BasicConnectedDude/Armature/Skeleton3D/Body/Body"]
transform = Transform3D(1, 0, 0, 0, 1, 0, 0, 0, 1, 0, 0.26797718, 0.016011342)
shape = SubResource("CapsuleShape3D_mbxfi")

[node name="UpperArm_l" type="BoneAttachment3D" parent="BasicConnectedDude/Armature/Skeleton3D" index="10"]
transform = Transform3D(-0.894842, 0.41540387, 0.16339077, -0.4463704, -0.83008444, -0.3342344, -0.0032141192, -0.37202004, 0.9282186, 0.17976017, 1.4376209, 1.9315712e-07)
bone_name = "UpperArm.l"
bone_idx = 2

[node name="UpperArm_l" type="Area3D" parent="BasicConnectedDude/Armature/Skeleton3D/UpperArm_l"]
collision_layer = 2
collision_mask = 2

[node name="CollisionShape3D" type="CollisionShape3D" parent="BasicConnectedDude/Armature/Skeleton3D/UpperArm_l/UpperArm_l"]
transform = Transform3D(1, 2.650272e-07, -9.604264e-10, -3.389232e-09, 1.0000004, -3.7252903e-09, 1.29512046e-08, -2.7939677e-09, 1, 2.9802322e-07, 0.11667645, 3.7252903e-08)
shape = SubResource("CapsuleShape3D_fecjr")

[node name="UpperArm_r" type="BoneAttachment3D" parent="BasicConnectedDude/Armature/Skeleton3D" index="11"]
transform = Transform3D(-0.894842, -0.41540387, -0.16339077, 0.4463704, -0.83008444, -0.3342344, 0.0032141192, -0.37202004, 0.9282186, -0.17976017, 1.4376209, 1.9315712e-07)
bone_name = "UpperArm.r"
bone_idx = 9

[node name="UpperArm_r" type="Area3D" parent="BasicConnectedDude/Armature/Skeleton3D/UpperArm_r"]
collision_layer = 2
collision_mask = 2

[node name="CollisionShape3D" type="CollisionShape3D" parent="BasicConnectedDude/Armature/Skeleton3D/UpperArm_r/UpperArm_r"]
transform = Transform3D(1, 2.650272e-07, -9.604264e-10, -3.389232e-09, 1.0000004, -3.7252903e-09, 1.29512046e-08, -2.7939677e-09, 1, 2.9802322e-07, 0.11667645, 3.7252903e-08)
shape = SubResource("CapsuleShape3D_fecjr")

[node name="LowerArm_l" type="BoneAttachment3D" parent="BasicConnectedDude/Armature/Skeleton3D" index="12"]
transform = Transform3D(-0.9393669, 0.33956885, 0.047771238, -0.3428684, -0.9323235, -0.114950135, 0.0055047832, -0.1243598, 0.9922215, 0.28273237, 1.2318559, -0.09221782)
bone_name = "LowerArm.l"
bone_idx = 3

[node name="LowerArm_l" type="Area3D" parent="BasicConnectedDude/Armature/Skeleton3D/LowerArm_l"]
collision_layer = 2
collision_mask = 2

[node name="CollisionShape3D" type="CollisionShape3D" parent="BasicConnectedDude/Armature/Skeleton3D/LowerArm_l/LowerArm_l"]
transform = Transform3D(0.999997, -2.7788337e-07, 1.3154931e-08, 1.4630496e-07, 0.9999989, 0, 7.475028e-07, 5.066395e-07, 1, -2.9802322e-08, 0.2464602, 5.9604645e-08)
shape = SubResource("CapsuleShape3D_r4aor")

[node name="LowerArm_r" type="BoneAttachment3D" parent="BasicConnectedDude/Armature/Skeleton3D" index="13"]
transform = Transform3D(-0.9393669, -0.33956885, -0.047771238, 0.3428684, -0.9323235, -0.114950135, -0.0055047832, -0.1243598, 0.9922215, -0.28273237, 1.2318559, -0.09221782)
bone_name = "LowerArm.r"
bone_idx = 10

[node name="LowerArm_r" type="Area3D" parent="BasicConnectedDude/Armature/Skeleton3D/LowerArm_r"]
collision_layer = 2
collision_mask = 2

[node name="CollisionShape3D" type="CollisionShape3D" parent="BasicConnectedDude/Armature/Skeleton3D/LowerArm_r/LowerArm_r"]
transform = Transform3D(0.999997, -2.7788337e-07, 1.3154931e-08, 1.4630496e-07, 0.9999989, 0, 7.475028e-07, 5.066395e-07, 1, -2.9802322e-08, 0.2464602, 5.9604645e-08)
shape = SubResource("CapsuleShape3D_r4aor")

[node name="UpperLeg_l" type="BoneAttachment3D" parent="BasicConnectedDude/Armature/Skeleton3D" index="14"]
transform = Transform3D(-0.9961145, 0.08772083, -0.0075104097, -0.08804154, -0.9924475, 0.08542082, 3.949776e-05, 0.08575053, 0.9963144, 0.094328955, 0.8843235, -0.012934335)
bone_name = "UpperLeg.l"
bone_idx = 6

[node name="UpperLeg_l" type="Area3D" parent="BasicConnectedDude/Armature/Skeleton3D/UpperLeg_l"]
collision_layer = 2
collision_mask = 2

[node name="CollisionShape3D" type="CollisionShape3D" parent="BasicConnectedDude/Armature/Skeleton3D/UpperLeg_l/UpperLeg_l"]
transform = Transform3D(1.0000056, -3.7811697e-07, -7.8976154e-07, -1.7043203e-07, 1, 1.616776e-06, -5.5134296e-07, 1.5646219e-07, 1.0000023, -4.4703484e-08, 0.23715234, 8.195639e-08)
shape = SubResource("CapsuleShape3D_6kac6")

[node name="UpperLeg_r" type="BoneAttachment3D" parent="BasicConnectedDude/Armature/Skeleton3D" index="15"]
transform = Transform3D(-0.9961145, -0.08772083, 0.0075104097, 0.08804154, -0.9924475, 0.08542082, -3.949776e-05, 0.08575053, 0.9963144, -0.094328955, 0.8843235, -0.012934335)
bone_name = "UpperLeg.r"
bone_idx = 12

[node name="UpperLeg_r" type="Area3D" parent="BasicConnectedDude/Armature/Skeleton3D/UpperLeg_r"]
collision_layer = 2
collision_mask = 2

[node name="CollisionShape3D" type="CollisionShape3D" parent="BasicConnectedDude/Armature/Skeleton3D/UpperLeg_r/UpperLeg_r"]
transform = Transform3D(1.0000056, -4.323665e-07, -7.962808e-07, -2.1420419e-07, 1, 1.6987324e-06, -5.559996e-07, 1.5646219e-07, 1.0000023, -7.4505806e-08, 0.23715234, 7.4505806e-08)
shape = SubResource("CapsuleShape3D_6kac6")

[node name="LowerLeg_l" type="BoneAttachment3D" parent="BasicConnectedDude/Armature/Skeleton3D" index="16"]
transform = Transform3D(-0.99874896, 0.04950078, 0.0067492896, -0.049958456, -0.9894603, -0.13591343, -4.968373e-05, -0.13608018, 0.9906957, 0.1304247, 0.47594705, 0.022350647)
bone_name = "LowerLeg.l"
bone_idx = 7

[node name="LowerLeg_l" type="Area3D" parent="BasicConnectedDude/Armature/Skeleton3D/LowerLeg_l"]
collision_layer = 2
collision_mask = 2

[node name="CollisionShape3D" type="CollisionShape3D" parent="BasicConnectedDude/Armature/Skeleton3D/LowerLeg_l/LowerLeg_l"]
transform = Transform3D(0.99999744, 7.227063e-07, 3.427267e-07, 3.9115548e-08, 1, 1.0430813e-07, -4.4703484e-08, -4.246831e-07, 1.0000006, -1.4901161e-08, 0.2770991, -1.0803342e-07)
shape = SubResource("CapsuleShape3D_6cefa")

[node name="LowerLeg_r" type="BoneAttachment3D" parent="BasicConnectedDude/Armature/Skeleton3D" index="17"]
transform = Transform3D(-0.99874896, -0.04950078, -0.0067492896, 0.049958456, -0.9894603, -0.13591343, 4.968373e-05, -0.13608018, 0.9906957, -0.1304247, 0.47594705, 0.022350647)
bone_name = "LowerLeg.r"
bone_idx = 13

[node name="LowerLeg_r" type="Area3D" parent="BasicConnectedDude/Armature/Skeleton3D/LowerLeg_r"]
collision_layer = 2
collision_mask = 2

[node name="CollisionShape3D" type="CollisionShape3D" parent="BasicConnectedDude/Armature/Skeleton3D/LowerLeg_r/LowerLeg_r"]
transform = Transform3D(1.0000014, 7.254307e-07, 3.3553079e-07, 1.3632007e-07, 1, 2.682209e-07, -2.1937012e-08, -4.172325e-07, 1.0000043, -1.4901161e-08, 0.18933058, -5.2154064e-08)
shape = SubResource("CapsuleShape3D_6cefa")

[node name="PhysicalBoneSimulator3D" type="PhysicalBoneSimulator3D" parent="BasicConnectedDude/Armature/Skeleton3D" index="18"]

[node name="Physical Bone Body" type="PhysicalBone3D" parent="BasicConnectedDude/Armature/Skeleton3D/PhysicalBoneSimulator3D"]
transform = Transform3D(1, 0, 0, 0, 0, -1, 0, 1, 0, 0, 1.2155211, 0)
collision_layer = 2
collision_mask = 2
joint_offset = Transform3D(1, 0, 0, 0, 1, 0, 0, 0, 1, 0, 0, 0.2928831)
body_offset = Transform3D(1, 0, 0, 0, 0, -1, 0, 1, 0, 0, 0.2928831, 0)
friction = 0.0
bone_name = "Body"

[node name="CollisionShape3D" type="CollisionShape3D" parent="BasicConnectedDude/Armature/Skeleton3D/PhysicalBoneSimulator3D/Physical Bone Body"]
transform = Transform3D(1, 0, 0, 0, 0, 1, 0, -1, 0, 0, 0, 0)
shape = SubResource("CapsuleShape3D_6pvwk")
debug_color = Color(0.9729597, 0, 0.44072324, 0.41960785)

[node name="Physical Bone UpperArm_l" type="PhysicalBone3D" parent="BasicConnectedDude/Armature/Skeleton3D/PhysicalBoneSimulator3D"]
transform = Transform3D(-0.89482147, 0.16250268, -0.4157974, -0.44640592, -0.3341501, 0.8300997, -0.0040453156, 0.9284054, 0.37154683, 0.23124626, 1.3347384, -0.04610881)
collision_layer = 2
collision_mask = 2
joint_type = 2
joint_offset = Transform3D(1, 0, 0, 0, 1, 0, 0, 0, 1, -4.3044434e-05, 6.300155e-05, 0.1239422)
body_offset = Transform3D(1.0000001, 0.00075644907, 0.00034690998, 0.00034726877, -0.000508368, -1.0000001, -0.0007562926, 1.0000001, -0.00050857663, 0, 0.123942256, 0)
friction = 0.0
bone_name = "UpperArm.l"
joint_constraints/swing_span = 45.0
joint_constraints/twist_span = 90.0
joint_constraints/bias = 0.3
joint_constraints/softness = 0.8
joint_constraints/relaxation = 1.0

[node name="CollisionShape3D" type="CollisionShape3D" parent="BasicConnectedDude/Armature/Skeleton3D/PhysicalBoneSimulator3D/Physical Bone UpperArm_l"]
transform = Transform3D(1, -8.905772e-08, -2.6077032e-08, 1.1199154e-07, 5.9604645e-08, 1, -3.4691766e-08, -0.9999999, 0, 5.9604645e-08, 0, 0.004354)
shape = SubResource("CapsuleShape3D_dhrsy")
debug_color = Color(0.9739682, 0, 0.43359283, 0.41960785)

[node name="Physical Bone LowerArm_l" type="PhysicalBone3D" parent="BasicConnectedDude/Armature/Skeleton3D/PhysicalBoneSimulator3D"]
transform = Transform3D(-0.9393675, 0.047772706, -0.33956814, -0.34286794, -0.11495228, 0.9323238, 0.0055055004, 0.99222165, 0.12436217, 0.3373446, 1.081912, -0.11221837)
collision_layer = 2
collision_mask = 2
joint_type = 2
joint_offset = Transform3D(1, 0, 0, 0, 1, 0, 0, 0, 1, 1.2531173e-07, -3.7865075e-07, 0.16082805)
body_offset = Transform3D(1.0000006, -6.374903e-07, -7.7916775e-07, -7.2887633e-07, 2.4810433e-06, -1.0000004, 6.2864274e-07, 1.0000006, 2.3543835e-06, 0, 0.16082811, 0)
friction = 0.0
bone_name = "LowerArm.l"
joint_constraints/swing_span = 45.0
joint_constraints/twist_span = 45.0
joint_constraints/bias = 0.3
joint_constraints/softness = 0.8
joint_constraints/relaxation = 1.0

[node name="CollisionShape3D" type="CollisionShape3D" parent="BasicConnectedDude/Armature/Skeleton3D/PhysicalBoneSimulator3D/Physical Bone LowerArm_l"]
transform = Transform3D(1, 2.9685907e-09, -6.519258e-09, 6.9849193e-09, 1.4901161e-08, 0.9999999, -2.2700988e-09, -1, 3.7252903e-08, 0, -1.4901161e-08, 0.0015565753)
shape = SubResource("CapsuleShape3D_nk2ac")
debug_color = Color(0.9777724, 0, 0.4051952, 0.41960785)

[node name="Physical Bone Hand_l" type="PhysicalBone3D" parent="BasicConnectedDude/Armature/Skeleton3D/PhysicalBoneSimulator3D"]
transform = Transform3D(-0.9671087, 0.038431242, -0.2514434, -0.25433743, -0.16023408, 0.9537492, -0.0036360372, 0.9863306, 0.16473827, 0.41279566, 0.85292435, -0.14587198)
collision_layer = 2
collision_mask = 2
joint_type = 2
joint_offset = Transform3D(1, 0, 0, 0, 1, 0, 0, 0, 1, 1.127386e-08, 4.5693625e-08, 0.082877)
body_offset = Transform3D(1.0000006, -5.355105e-09, -1.360313e-07, -5.820766e-10, -4.172325e-07, -1.0000005, -1.46683306e-08, 1.0000006, -5.5134296e-07, 0, 0.08287704, 0)
friction = 0.0
bone_name = "Hand.l"
joint_constraints/swing_span = 45.0
joint_constraints/twist_span = 45.0
joint_constraints/bias = 0.3
joint_constraints/softness = 0.8
joint_constraints/relaxation = 1.0

[node name="CollisionShape3D" type="CollisionShape3D" parent="BasicConnectedDude/Armature/Skeleton3D/PhysicalBoneSimulator3D/Physical Bone Hand_l"]
transform = Transform3D(1, 0, 0, 0, 0, 1, 0, -1, 0, 0, 0, 0)
shape = SubResource("CapsuleShape3D_h7iov")
debug_color = Color(0.96398276, 0, 0.49834257, 0.41960785)

[node name="Physical Bone UpperLeg_l" type="PhysicalBone3D" parent="BasicConnectedDude/Armature/Skeleton3D/PhysicalBoneSimulator3D"]
transform = Transform3D(-0.9961169, -0.007508493, -0.08771995, -0.0880407, 0.08536038, 0.99245274, 3.5983645e-05, 0.99632186, -0.08568997, 0.11237684, 0.68013525, 0.004708156)
collision_layer = 2
collision_mask = 2
joint_type = 2
joint_offset = Transform3D(1, 0, 0, 0, 1, 0, 0, 0, 1, 2.9281364e-07, -1.250382e-05, 0.20574209)
body_offset = Transform3D(1.0000024, 3.4120858e-06, -1.3505769e-06, -1.3400193e-06, 6.0789287e-05, -0.9999999, -3.4118748e-06, 1.0000023, 6.0774386e-05, -1.4901161e-08, 0.20574206, 0)
friction = 0.0
bone_name = "UpperLeg.l"
joint_constraints/swing_span = 45.0
joint_constraints/twist_span = 45.0
joint_constraints/bias = 0.3
joint_constraints/softness = 0.8
joint_constraints/relaxation = 1.0

[node name="CollisionShape3D" type="CollisionShape3D" parent="BasicConnectedDude/Armature/Skeleton3D/PhysicalBoneSimulator3D/Physical Bone UpperLeg_l"]
transform = Transform3D(1, -1.0761596e-09, 3.601599e-10, -4.10364e-09, -5.2154064e-08, 1, 1.3781118e-09, -1, 0, 0, 0, 0.0017968416)
shape = SubResource("CapsuleShape3D_n7d1f")
debug_color = Color(0.9858081, 0, 0.33473682, 0.41960785)

[node name="Physical Bone LowerLeg_l" type="PhysicalBone3D" parent="BasicConnectedDude/Armature/Skeleton3D/PhysicalBoneSimulator3D"]
transform = Transform3D(-0.9987527, 0.0067394096, -0.04947366, -0.049930546, -0.13591442, 0.9894616, -5.579688e-05, 0.9906977, 0.1360814, 0.13991015, 0.28634506, -0.0037251841)
collision_layer = 2
collision_mask = 2
joint_type = 2
joint_offset = Transform3D(1, 0, 0, 0, 1, 0, 0, 0, 1, 5.2325026e-06, -3.0859502e-07, 0.1916216)
body_offset = Transform3D(1.0000025, 9.917043e-06, -2.7150956e-05, -2.697406e-05, 2.2351742e-07, -1.0000001, -9.875552e-06, 1.000002, 1.2218952e-06, -2.9802322e-08, 0.19162163, 7.4505806e-08)
friction = 0.0
bone_name = "LowerLeg.l"
joint_constraints/swing_span = 45.0
joint_constraints/twist_span = 90.0
joint_constraints/bias = 0.3
joint_constraints/softness = 0.8
joint_constraints/relaxation = 1.0

[node name="CollisionShape3D" type="CollisionShape3D" parent="BasicConnectedDude/Armature/Skeleton3D/PhysicalBoneSimulator3D/Physical Bone LowerLeg_l"]
transform = Transform3D(1, 0, 0, 0, 0, 1, 0, -1, 0, 0, 0, 0)
shape = SubResource("CapsuleShape3D_62ls6")
debug_color = Color(0.97072524, 0, 0.4559903, 0.41960785)

[node name="Physical Bone UpperArm_r" type="PhysicalBone3D" parent="BasicConnectedDude/Armature/Skeleton3D/PhysicalBoneSimulator3D"]
transform = Transform3D(-0.89482147, -0.16250268, 0.4157974, 0.44640592, -0.3341501, 0.8300997, 0.0040453156, 0.9284054, 0.37154683, -0.23124626, 1.3347384, -0.04610881)
collision_layer = 2
collision_mask = 2
joint_type = 2
joint_offset = Transform3D(1, 0, 0, 0, 1, 0, 0, 0, 1, 4.3044434e-05, 6.300155e-05, 0.1239422)
body_offset = Transform3D(1.0000001, -0.00075644907, -0.00034690998, -0.00034726877, -0.000508368, -1.0000001, 0.0007562926, 1.0000001, -0.00050857663, 0, 0.123942256, 0)
friction = 0.0
bone_name = "UpperArm.r"
joint_constraints/swing_span = 45.0
joint_constraints/twist_span = 90.0
joint_constraints/bias = 0.3
joint_constraints/softness = 0.8
joint_constraints/relaxation = 1.0

[node name="CollisionShape3D" type="CollisionShape3D" parent="BasicConnectedDude/Armature/Skeleton3D/PhysicalBoneSimulator3D/Physical Bone UpperArm_r"]
transform = Transform3D(1, 8.3702616e-08, 5.4948032e-08, -8.96398e-08, 8.940697e-08, 1, 7.683411e-09, -0.9999999, -2.9802322e-08, 0, -2.9802322e-08, 0.0021569133)
shape = SubResource("CapsuleShape3D_gw7x3")
debug_color = Color(0.97837895, 0, 0.40042326, 0.41960785)

[node name="Physical Bone LowerArm_r" type="PhysicalBone3D" parent="BasicConnectedDude/Armature/Skeleton3D/PhysicalBoneSimulator3D"]
transform = Transform3D(-0.9393675, -0.047772706, 0.33956814, 0.34286794, -0.11495228, 0.9323238, -0.0055055004, 0.99222165, 0.12436217, -0.3373446, 1.081912, -0.11221837)
collision_layer = 2
collision_mask = 2
joint_type = 2
joint_offset = Transform3D(1, 0, 0, 0, 1, 0, 0, 0, 1, -1.2531173e-07, -3.7865075e-07, 0.16082805)
body_offset = Transform3D(1.0000006, 6.374903e-07, 7.7916775e-07, 7.2887633e-07, 2.4810433e-06, -1.0000004, -6.2864274e-07, 1.0000006, 2.3543835e-06, 0, 0.16082811, 0)
friction = 0.0
bone_name = "LowerArm.r"
joint_constraints/swing_span = 45.0
joint_constraints/twist_span = 45.0
joint_constraints/bias = 0.3
joint_constraints/softness = 0.8
joint_constraints/relaxation = 1.0

[node name="CollisionShape3D" type="CollisionShape3D" parent="BasicConnectedDude/Armature/Skeleton3D/PhysicalBoneSimulator3D/Physical Bone LowerArm_r"]
transform = Transform3D(1, 0, 0, 0, 0, 1, 0, -1, 0, 0, 0, 0)
shape = SubResource("CapsuleShape3D_f0pfe")
debug_color = Color(0.910872, 0.25550094, 0.39472133, 0.41960785)

[node name="Physical Bone UpperLeg_r" type="PhysicalBone3D" parent="BasicConnectedDude/Armature/Skeleton3D/PhysicalBoneSimulator3D"]
transform = Transform3D(-0.9961169, 0.007508493, 0.08771995, 0.0880407, 0.08536038, 0.99245274, -3.5983645e-05, 0.99632186, -0.08568997, -0.11237684, 0.68013525, 0.004708156)
collision_layer = 2
collision_mask = 2
joint_type = 2
joint_offset = Transform3D(1, 0, 0, 0, 1, 0, 0, 0, 1, -2.9281364e-07, -1.250382e-05, 0.20574209)
body_offset = Transform3D(1.0000024, -3.4120858e-06, 1.3505769e-06, 1.3400193e-06, 6.0789287e-05, -0.9999999, 3.4118748e-06, 1.0000023, 6.0774386e-05, 1.4901161e-08, 0.20574206, 0)
friction = 0.0
bone_name = "UpperLeg.r"
joint_constraints/swing_span = 45.0
joint_constraints/twist_span = 45.0
joint_constraints/bias = 0.3
joint_constraints/softness = 0.8
joint_constraints/relaxation = 1.0

[node name="CollisionShape3D" type="CollisionShape3D" parent="BasicConnectedDude/Armature/Skeleton3D/PhysicalBoneSimulator3D/Physical Bone UpperLeg_r"]
transform = Transform3D(1, 1.1164047e-09, -3.601599e-10, 4.1691237e-09, -5.9604645e-08, 1, -1.4240413e-09, -1, 0, 0, 0, 0.0017968416)
shape = SubResource("CapsuleShape3D_jlwu0")
debug_color = Color(0.9719755, 0, 0.44753247, 0.41960785)

[node name="Physical Bone LowerLeg_r" type="PhysicalBone3D" parent="BasicConnectedDude/Armature/Skeleton3D/PhysicalBoneSimulator3D"]
transform = Transform3D(-0.9987527, -0.0067394096, 0.04947366, 0.049930546, -0.13591442, 0.9894616, 5.579688e-05, 0.9906977, 0.1360814, -0.13991015, 0.28634506, -0.0037251841)
collision_layer = 2
collision_mask = 2
joint_type = 2
joint_offset = Transform3D(1, 0, 0, 0, 1, 0, 0, 0, 1, -5.2325026e-06, -3.0859502e-07, 0.1916216)
body_offset = Transform3D(1.0000025, -9.917043e-06, 2.7150956e-05, 2.697406e-05, 2.2351742e-07, -1.0000001, 9.875552e-06, 1.000002, 1.2218952e-06, 2.9802322e-08, 0.19162163, 7.4505806e-08)
friction = 0.0
bone_name = "LowerLeg.r"
joint_constraints/swing_span = 45.0
joint_constraints/twist_span = 90.0
joint_constraints/bias = 0.3
joint_constraints/softness = 0.8
joint_constraints/relaxation = 1.0

[node name="CollisionShape3D" type="CollisionShape3D" parent="BasicConnectedDude/Armature/Skeleton3D/PhysicalBoneSimulator3D/Physical Bone LowerLeg_r"]
transform = Transform3D(1, 3.382197e-07, 1.4581019e-08, 7.421477e-10, 0, 0.99999976, 1.7169623e-07, -1, -9.983778e-07, 0, 0, 0)
shape = SubResource("CapsuleShape3D_xm2ed")
debug_color = Color(0.9740197, 0, 0.43322423, 0.41960785)

[node name="AnimationPlayer" parent="BasicConnectedDude" index="3"]
autoplay = "Run"

[node name="CollisionShape3D" type="CollisionShape3D" parent="."]
transform = Transform3D(1, 0, 0, 0, 1, 0, 0, 0, 1, 0, 0.9238373, 0)
shape = SubResource("CapsuleShape3D_jlik3")

[editable path="BasicConnectedDude"]
