[gd_scene load_steps=28 format=3 uid="uid://cpvimjxc4obem"]

[ext_resource type="Script" uid="uid://d0u76i8q3uo4q" path="res://Scripts/basic_enemy.gd" id="1_fecjr"]
[ext_resource type="PackedScene" uid="uid://dudl7j132hyk" path="res://3D/BasicConnectedDude.blend" id="2_fecjr"]

[sub_resource type="CapsuleShape3D" id="CapsuleShape3D_lal1l"]
radius = 0.07714844
height = 0.27856445

[sub_resource type="CapsuleShape3D" id="CapsuleShape3D_mbxfi"]
radius = 0.17285156
height = 0.76287395

[sub_resource type="CapsuleShape3D" id="CapsuleShape3D_fecjr"]
radius = 0.072753906
height = 0.3600006

[sub_resource type="CapsuleShape3D" id="CapsuleShape3D_r4aor"]
radius = 0.05419922
height = 0.47485352

[sub_resource type="CapsuleShape3D" id="CapsuleShape3D_6kac6"]
radius = 0.06689453
height = 0.3612671

[sub_resource type="CapsuleShape3D" id="CapsuleShape3D_6cefa"]
radius = 0.05126953
height = 0.41967773

[sub_resource type="CapsuleShape3D" id="CapsuleShape3D_6pvwk"]
radius = 0.058576625
height = 0.58576626

[sub_resource type="CapsuleShape3D" id="CapsuleShape3D_dhrsy"]
radius = 0.024788445
height = 0.24788445

[sub_resource type="CapsuleShape3D" id="CapsuleShape3D_nk2ac"]
radius = 0.032165624
height = 0.29754686

[sub_resource type="CapsuleShape3D" id="CapsuleShape3D_h7iov"]
radius = 0.016575402
height = 0.14684185

[sub_resource type="CapsuleShape3D" id="CapsuleShape3D_n7d1f"]
radius = 0.041148417
height = 0.39421862

[sub_resource type="CapsuleShape3D" id="CapsuleShape3D_62ls6"]
radius = 0.038324304
height = 0.3610551

[sub_resource type="CapsuleShape3D" id="CapsuleShape3D_gw7x3"]
radius = 0.024788445
height = 0.24788445

[sub_resource type="CapsuleShape3D" id="CapsuleShape3D_f0pfe"]
radius = 0.032165624
height = 0.29266405

[sub_resource type="CapsuleShape3D" id="CapsuleShape3D_jlwu0"]
radius = 0.041148417
height = 0.39128894

[sub_resource type="CapsuleShape3D" id="CapsuleShape3D_xm2ed"]
radius = 0.038324304
height = 0.3615434

[sub_resource type="AnimationNodeAnimation" id="AnimationNodeAnimation_lal1l"]
animation = &"Aim"

[sub_resource type="AnimationNodeAnimation" id="AnimationNodeAnimation_6kac6"]
animation = &"Run"

[sub_resource type="AnimationNodeAnimation" id="AnimationNodeAnimation_6cefa"]
animation = &"Idle"

[sub_resource type="AnimationNodeAnimation" id="AnimationNodeAnimation_r4aor"]
animation = &"Walk"

[sub_resource type="AnimationNodeBlend2" id="AnimationNodeBlend2_fecjr"]
filter_enabled = true
filters = ["", "Armature/Skeleton3D:Gun", "Armature/Skeleton3D:Hand.l", "Armature/Skeleton3D:Head", "Armature/Skeleton3D:IKLegPole.l", "Armature/Skeleton3D:IKLegPole.r", "Armature/Skeleton3D:IKLegTarget.l", "Armature/Skeleton3D:IKLegTarget.r", "Armature/Skeleton3D:LowerArm.l", "Armature/Skeleton3D:LowerArm.r", "Armature/Skeleton3D:UpperArm.l", "Armature/Skeleton3D:UpperArm.r"]

[sub_resource type="AnimationNodeBlend3" id="AnimationNodeBlend3_6pvwk"]

[sub_resource type="AnimationNodeTimeSeek" id="AnimationNodeTimeSeek_fecjr"]

[sub_resource type="AnimationNodeBlendTree" id="AnimationNodeBlendTree_6pvwk"]
graph_offset = Vector2(-1119.4415, 220.05258)
nodes/output/position = Vector2(540, 140)
nodes/Animation/node = SubResource("AnimationNodeAnimation_r4aor")
nodes/Animation/position = Vector2(-580, 140)
nodes/Blend3/node = SubResource("AnimationNodeBlend3_6pvwk")
nodes/Blend3/position = Vector2(280, 240)
"nodes/Animation 3/node" = SubResource("AnimationNodeAnimation_lal1l")
"nodes/Animation 3/position" = Vector2(-800, 360)
"nodes/Animation 4/node" = SubResource("AnimationNodeAnimation_6kac6")
"nodes/Animation 4/position" = Vector2(40, 660)
"nodes/Animation 5/node" = SubResource("AnimationNodeAnimation_6cefa")
"nodes/Animation 5/position" = Vector2(-100, 460)
nodes/Blend2/node = SubResource("AnimationNodeBlend2_fecjr")
nodes/Blend2/position = Vector2(-300, 180)
nodes/TimeSeek/node = SubResource("AnimationNodeTimeSeek_fecjr")
nodes/TimeSeek/position = Vector2(-580, 340)
node_connections = [&"output", 0, &"Blend3", &"Blend3", 0, &"Blend2", &"Blend3", 1, &"Animation 5", &"Blend3", 2, &"Animation 4", &"Blend2", 0, &"Animation", &"Blend2", 1, &"TimeSeek", &"TimeSeek", 0, &"Animation 3"]

[sub_resource type="CapsuleShape3D" id="CapsuleShape3D_jlik3"]
radius = 0.24804688
height = 1.7792969

[node name="BasicEnemy" type="CharacterBody3D"]
collision_layer = 4
script = ExtResource("1_fecjr")

[node name="BasicConnectedDude" parent="." instance=ExtResource("2_fecjr")]

[node name="Empty" parent="BasicConnectedDude" index="0"]
visible = false

[node name="Empty_001" parent="BasicConnectedDude" index="1"]
visible = false

[node name="Skeleton3D" parent="BasicConnectedDude/Armature" index="0"]
bones/0/position = Vector3(0, 0.8329018, 0.0073053585)
bones/1/rotation = Quaternion(0.3235753, -0.0046290825, -0.009111607, 0.9461472)
bones/2/rotation = Quaternion(-0.40777314, 0.52077967, 0.52429163, -0.5363096)
bones/3/rotation = Quaternion(0.13829167, -0.58880156, -0.22799428, 0.7630248)
bones/4/rotation = Quaternion(-0.056284558, -0.15242061, 0.19852024, 0.9665349)
bones/5/rotation = Quaternion(0.0578021, -0.0024964039, 0.0081479605, 0.9982918)
bones/6/rotation = Quaternion(-0.035110947, 0.48131555, 0.8681621, -0.11574726)
bones/7/rotation = Quaternion(-0.773716, 0.0003287634, -0.13307709, 0.6193982)
bones/8/rotation = Quaternion(0.487811, 0.017267445, 0.02705195, 0.8723591)
bones/9/rotation = Quaternion(-0.3633835, 0.05384696, 0.9231402, 0.11342488)
bones/10/rotation = Quaternion(0.1276314, -0.009884096, 0.055633552, 0.99021083)
bones/12/rotation = Quaternion(0.012387009, 0.02396761, 0.9973774, 0.067159794)
bones/13/rotation = Quaternion(-0.36501855, -0.00049347425, 0.06278214, 0.92888093)
bones/14/rotation = Quaternion(0.7761487, -0.012598806, -0.012202807, 0.6303061)
bones/15/position = Vector3(0.09680532, 0.592891, 0.59586024)
bones/15/rotation = Quaternion(-0.027907383, 0.7062706, 0.70655584, -0.0343802)
bones/16/position = Vector3(0.1493951, 0.096743464, -0.029801106)
bones/16/rotation = Quaternion(0.017548267, -0.7110866, 0.70266116, -0.017758686)
bones/17/position = Vector3(-0.10557927, 0.5945051, 0.5960767)
bones/17/rotation = Quaternion(0.013315002, 0.70541024, 0.7069814, 0.048953414)
bones/18/position = Vector3(-0.1493951, 0.096743464, -0.029801106)
bones/18/rotation = Quaternion(-0.017653788, -0.7068864, 0.70688635, 0.017653788)

[node name="Head" type="BoneAttachment3D" parent="BasicConnectedDude/Armature/Skeleton3D" index="8"]
transform = Transform3D(0.9997911, 0.01424613, -0.014656171, -0.020237558, 0.7904319, -0.6122154, 0.0028630053, 0.612384, 0.7905552, 0, 1.418668, 0.0073053585)
bone_name = "Head"
bone_idx = 1

[node name="Head" type="Area3D" parent="BasicConnectedDude/Armature/Skeleton3D/Head"]
collision_layer = 2
collision_mask = 2

[node name="CollisionShape3D" type="CollisionShape3D" parent="BasicConnectedDude/Armature/Skeleton3D/Head/Head"]
transform = Transform3D(1, 0, 6.41065e-23, 2.0679515e-25, 1, 0, 4.135903e-25, 0, 1, -3.3087225e-24, 0.17956579, -5.9604645e-08)
shape = SubResource("CapsuleShape3D_lal1l")

[node name="Body" type="BoneAttachment3D" parent="BasicConnectedDude/Armature/Skeleton3D" index="9"]
transform = Transform3D(1, 0, 0, 0, 1, 0, 0, 0, 1, 0, 0.8329018, 0.0073053585)
bone_name = "Body"
bone_idx = 0

[node name="Body" type="Area3D" parent="BasicConnectedDude/Armature/Skeleton3D/Body"]
collision_layer = 2
collision_mask = 2

[node name="Body" type="CollisionShape3D" parent="BasicConnectedDude/Armature/Skeleton3D/Body/Body"]
transform = Transform3D(1, 0, 0, 0, 1, 0, 0, 0, 1, 0, 0.26797718, 0.016011342)
shape = SubResource("CapsuleShape3D_mbxfi")

[node name="UpperArm_l" type="BoneAttachment3D" parent="BasicConnectedDude/Armature/Skeleton3D" index="10"]
transform = Transform3D(-0.09218616, 0.13764532, -0.98618174, -0.98708457, 0.117678724, 0.10869548, 0.1310141, 0.98346573, 0.12501924, 0.17976017, 1.3478847, 0.007305552)
bone_name = "UpperArm.l"
bone_idx = 2

[node name="UpperArm_l" type="Area3D" parent="BasicConnectedDude/Armature/Skeleton3D/UpperArm_l"]
collision_layer = 2
collision_mask = 2

[node name="CollisionShape3D" type="CollisionShape3D" parent="BasicConnectedDude/Armature/Skeleton3D/UpperArm_l/UpperArm_l"]
transform = Transform3D(1, 2.650272e-07, -9.604264e-10, -3.389232e-09, 1.0000004, -3.7252903e-09, 1.29512046e-08, -2.7939677e-09, 1, 2.9802322e-07, 0.11667645, 3.7252903e-08)
shape = SubResource("CapsuleShape3D_fecjr")

[node name="UpperArm_r" type="BoneAttachment3D" parent="BasicConnectedDude/Armature/Skeleton3D" index="11"]
transform = Transform3D(-0.7101741, -0.24854822, -0.65869224, 0.17027983, -0.9684703, 0.18184993, -0.68312263, 0.016983116, 0.73010546, -0.17976017, 1.3478847, 0.007305552)
bone_name = "UpperArm.r"
bone_idx = 9

[node name="UpperArm_r" type="Area3D" parent="BasicConnectedDude/Armature/Skeleton3D/UpperArm_r"]
collision_layer = 2
collision_mask = 2

[node name="CollisionShape3D" type="CollisionShape3D" parent="BasicConnectedDude/Armature/Skeleton3D/UpperArm_r/UpperArm_r"]
transform = Transform3D(1, 2.650272e-07, -9.604264e-10, -3.389232e-09, 1.0000004, -3.7252903e-09, 1.29512046e-08, -2.7939677e-09, 1, 2.9802322e-07, 0.11667645, 3.7252903e-08)
shape = SubResource("CapsuleShape3D_fecjr")

[node name="LowerArm_l" type="BoneAttachment3D" parent="BasicConnectedDude/Armature/Skeleton3D" index="12"]
transform = Transform3D(-0.91292566, -0.37189156, -0.16811433, -0.16934054, -0.029621687, 0.9851118, -0.3713349, 0.92780304, -0.035933957, 0.21388035, 1.3770554, 0.25109142)
bone_name = "LowerArm.l"
bone_idx = 3

[node name="LowerArm_l" type="Area3D" parent="BasicConnectedDude/Armature/Skeleton3D/LowerArm_l"]
collision_layer = 2
collision_mask = 2

[node name="CollisionShape3D" type="CollisionShape3D" parent="BasicConnectedDude/Armature/Skeleton3D/LowerArm_l/LowerArm_l"]
transform = Transform3D(0.999997, -2.7788337e-07, 1.3154931e-08, 1.4630496e-07, 0.9999989, 0, 7.475028e-07, 5.066395e-07, 1, -2.9802322e-08, 0.2464602, 5.9604645e-08)
shape = SubResource("CapsuleShape3D_r4aor")

[node name="LowerArm_r" type="BoneAttachment3D" parent="BasicConnectedDude/Armature/Skeleton3D" index="13"]
transform = Transform3D(-0.7546446, -0.32464406, -0.5701902, 0.07107413, -0.9043485, 0.42083427, -0.6522723, 0.27705464, 0.70553565, -0.24137141, 1.107816, 0.011515362)
bone_name = "LowerArm.r"
bone_idx = 10

[node name="LowerArm_r" type="Area3D" parent="BasicConnectedDude/Armature/Skeleton3D/LowerArm_r"]
collision_layer = 2
collision_mask = 2

[node name="CollisionShape3D" type="CollisionShape3D" parent="BasicConnectedDude/Armature/Skeleton3D/LowerArm_r/LowerArm_r"]
transform = Transform3D(0.999997, -2.7788337e-07, 1.3154931e-08, 1.4630496e-07, 0.9999989, 0, 7.475028e-07, 5.066395e-07, 1, -2.9802322e-08, 0.2464602, 5.9604645e-08)
shape = SubResource("CapsuleShape3D_r4aor")

[node name="UpperLeg_l" type="BoneAttachment3D" parent="BasicConnectedDude/Armature/Skeleton3D" index="14"]
transform = Transform3D(-0.97073716, 0.16717581, -0.17238545, -0.234773, -0.5098759, 0.8275897, 0.050457783, 0.8438475, 0.5342041, 0.094328955, 0.79458725, -0.005628976)
bone_name = "UpperLeg.l"
bone_idx = 6

[node name="UpperLeg_l" type="Area3D" parent="BasicConnectedDude/Armature/Skeleton3D/UpperLeg_l"]
collision_layer = 2
collision_mask = 2

[node name="CollisionShape3D" type="CollisionShape3D" parent="BasicConnectedDude/Armature/Skeleton3D/UpperLeg_l/UpperLeg_l"]
transform = Transform3D(1.0000056, -3.7811697e-07, -7.8976154e-07, -1.7043203e-07, 1, 1.616776e-06, -5.5134296e-07, 1.5646219e-07, 1.0000023, -4.4703484e-08, 0.23715234, 8.195639e-08)
shape = SubResource("CapsuleShape3D_6kac6")

[node name="UpperLeg_r" type="BoneAttachment3D" parent="BasicConnectedDude/Armature/Skeleton3D" index="15"]
transform = Transform3D(-0.99066985, -0.13337356, 0.027928304, 0.13456076, -0.98983014, 0.04614559, 0.021489674, 0.049473327, 0.998542, -0.094328955, 0.79458725, -0.005628976)
bone_name = "UpperLeg.r"
bone_idx = 12

[node name="UpperLeg_r" type="Area3D" parent="BasicConnectedDude/Armature/Skeleton3D/UpperLeg_r"]
collision_layer = 2
collision_mask = 2

[node name="CollisionShape3D" type="CollisionShape3D" parent="BasicConnectedDude/Armature/Skeleton3D/UpperLeg_r/UpperLeg_r"]
transform = Transform3D(1.0000056, -4.323665e-07, -7.962808e-07, -2.1420419e-07, 1, 1.6987324e-06, -5.559996e-07, 1.5646219e-07, 1.0000023, -7.4505806e-08, 0.23715234, 7.4505806e-08)
shape = SubResource("CapsuleShape3D_6kac6")

[node name="LowerLeg_l" type="BoneAttachment3D" parent="BasicConnectedDude/Armature/Skeleton3D" index="16"]
transform = Transform3D(-0.99942803, -0.033195347, -0.006070614, 0.027944267, -0.7132378, -0.7003624, 0.018918358, -0.7001324, 0.7137614, 0.16311917, 0.5847814, 0.3416009)
bone_name = "LowerLeg.l"
bone_idx = 7

[node name="LowerLeg_l" type="Area3D" parent="BasicConnectedDude/Armature/Skeleton3D/LowerLeg_l"]
collision_layer = 2
collision_mask = 2

[node name="CollisionShape3D" type="CollisionShape3D" parent="BasicConnectedDude/Armature/Skeleton3D/LowerLeg_l/LowerLeg_l"]
transform = Transform3D(1, 7.23172e-07, 3.4086406e-07, -1.1571683e-07, 1, 1.0430813e-07, -2.7939677e-08, -4.172325e-07, 1.0000006, -1.4901161e-08, 0.27709913, -1.0803342e-07)
shape = SubResource("CapsuleShape3D_6cefa")

[node name="LowerLeg_r" type="BoneAttachment3D" parent="BasicConnectedDude/Armature/Skeleton3D" index="17"]
transform = Transform3D(-0.9997181, -0.0005324222, -0.023634778, 0.015622549, -0.765201, -0.6436017, -0.017742679, -0.64378947, 0.7649941, -0.14921007, 0.38728783, 0.01472851)
bone_name = "LowerLeg.r"
bone_idx = 13

[node name="LowerLeg_r" type="Area3D" parent="BasicConnectedDude/Armature/Skeleton3D/LowerLeg_r"]
collision_layer = 2
collision_mask = 2

[node name="CollisionShape3D" type="CollisionShape3D" parent="BasicConnectedDude/Armature/Skeleton3D/LowerLeg_r/LowerLeg_r"]
transform = Transform3D(1, 7.23172e-07, 3.4086406e-07, -1.1571683e-07, 1, 1.0430813e-07, -2.7939677e-08, -4.172325e-07, 1.0000006, -1.4901161e-08, 0.27709913, -1.0803342e-07)
shape = SubResource("CapsuleShape3D_6cefa")

[node name="PhysicalBoneSimulator3D" type="PhysicalBoneSimulator3D" parent="BasicConnectedDude/Armature/Skeleton3D" index="18"]
visible = false

[node name="Physical Bone Body" type="PhysicalBone3D" parent="BasicConnectedDude/Armature/Skeleton3D/PhysicalBoneSimulator3D"]
transform = Transform3D(1, 1.1001502e-22, 3.3997123e-22, 3.3997123e-22, -1.4901159e-08, -1, -1.1001502e-22, 1, -1.4901159e-08, 3.146595e-21, 1.1258614, 0.0073052244)
collision_layer = 2
collision_mask = 2
joint_offset = Transform3D(1, 0, 0, 0, 1, 0, 0, 0, 1, -3.246193e-21, 1.3847588e-07, 0.29295963)
body_offset = Transform3D(1, 1.1001502e-22, 3.3997123e-22, 3.3997123e-22, -1.4901159e-08, -1, -1.1001502e-22, 1, -1.4901159e-08, 3.146595e-21, 0.29295963, -1.3411045e-07)
friction = 0.0
bone_name = "Body"

[node name="CollisionShape3D" type="CollisionShape3D" parent="BasicConnectedDude/Armature/Skeleton3D/PhysicalBoneSimulator3D/Physical Bone Body"]
transform = Transform3D(1, 0, 0, 0, 0, 1, 0, -1, 0, 0, 0, 0)
shape = SubResource("CapsuleShape3D_6pvwk")

[node name="Physical Bone UpperArm_l" type="PhysicalBone3D" parent="BasicConnectedDude/Armature/Skeleton3D/PhysicalBoneSimulator3D"]
transform = Transform3D(-0.09227707, -0.9861463, -0.1378421, -0.986999, 0.10888245, -0.11822696, 0.13159765, 0.12514038, -0.98337275, 0.19692004, 1.3604032, 0.1303491)
collision_layer = 2
collision_mask = 2
joint_type = 2
joint_offset = Transform3D(1, 0, 0, 0, 1, 0, 0, 0, 1, -0.0022529652, 0.00016137252, 0.12484307)
body_offset = Transform3D(1.0000004, -0.00017195567, 0.00057147443, 0.00057147443, 0.00014602393, -1.0000001, 0.00017192215, 1.0000006, 0.00014610589, 0.0021816492, 0.12484434, -0.00017922558)
friction = 0.0
bone_name = "UpperArm.l"
joint_constraints/swing_span = 45.0
joint_constraints/twist_span = 45.0
joint_constraints/bias = 0.3
joint_constraints/softness = 0.8
joint_constraints/relaxation = 1.0

[node name="CollisionShape3D" type="CollisionShape3D" parent="BasicConnectedDude/Armature/Skeleton3D/PhysicalBoneSimulator3D/Physical Bone UpperArm_l"]
transform = Transform3D(1, 0, 0, 0, 0, 1, 0, -1, 0, 0, 0, 0)
shape = SubResource("CapsuleShape3D_dhrsy")

[node name="Physical Bone LowerArm_l" type="PhysicalBone3D" parent="BasicConnectedDude/Armature/Skeleton3D/PhysicalBoneSimulator3D"]
transform = Transform3D(-0.91291827, -0.16808501, 0.37192434, -0.16931216, 0.98511744, 0.029617054, -0.3713673, -0.03593336, -0.9277905, 0.15470073, 1.3725281, 0.4007957)
collision_layer = 2
collision_mask = 2
joint_type = 2
joint_offset = Transform3D(1, 0, 0, 0, 1, 0, 0, 0, 1, 0.0008025915, -0.00010788206, 0.16103859)
body_offset = Transform3D(1.0000005, -2.795551e-05, -3.3795834e-05, -3.361702e-05, -1.052022e-05, -1.0000005, 2.7862377e-05, 1.0000007, -1.05164945e-05, -0.0007971525, 0.1610387, 0.00010955334)
friction = 0.0
bone_name = "LowerArm.l"
joint_constraints/swing_span = 45.0
joint_constraints/twist_span = 45.0
joint_constraints/bias = 0.3
joint_constraints/softness = 0.8
joint_constraints/relaxation = 1.0

[node name="CollisionShape3D" type="CollisionShape3D" parent="BasicConnectedDude/Armature/Skeleton3D/PhysicalBoneSimulator3D/Physical Bone LowerArm_l"]
transform = Transform3D(1, 1.3620593e-07, -1.8626451e-09, -8.381903e-09, -2.682209e-07, 1, -6.61239e-08, -1.0000004, 0, 0, 0, -0.012054861)
shape = SubResource("CapsuleShape3D_nk2ac")

[node name="Physical Bone Hand_l" type="PhysicalBone3D" parent="BasicConnectedDude/Armature/Skeleton3D/PhysicalBoneSimulator3D"]
transform = Transform3D(-0.99341446, 0.11226832, -0.022882082, 0.10832191, 0.98534703, 0.1317487, 0.037337992, 0.12840246, -0.991019, 0.09591034, 1.3557163, 0.63165206)
collision_layer = 2
collision_mask = 2
joint_type = 2
joint_offset = Transform3D(1, 0, 0, 0, 1, 0, 0, 0, 1, -0.00014668255, 0.00090727763, 0.082983315)
body_offset = Transform3D(1.0000007, -7.941481e-05, -4.2550266e-05, -4.246831e-05, -6.572902e-05, -1.0000005, 7.9392456e-05, 1.0000006, -6.5654516e-05, 0.00015028566, 0.082983404, -0.0009018183)
friction = 0.0
bone_name = "Hand.l"
joint_constraints/swing_span = 45.0
joint_constraints/twist_span = 45.0
joint_constraints/bias = 0.3
joint_constraints/softness = 0.8
joint_constraints/relaxation = 1.0

[node name="CollisionShape3D" type="CollisionShape3D" parent="BasicConnectedDude/Armature/Skeleton3D/PhysicalBoneSimulator3D/Physical Bone Hand_l"]
transform = Transform3D(0.99999994, -1.14087015e-07, 5.9604645e-08, 2.7939677e-08, 0, 0.99999946, -7.683411e-08, -0.99999994, 0, 0, 0, -0.0094560385)
shape = SubResource("CapsuleShape3D_h7iov")

[node name="Physical Bone UpperLeg_l" type="PhysicalBone3D" parent="BasicConnectedDude/Armature/Skeleton3D/PhysicalBoneSimulator3D"]
transform = Transform3D(-0.9707733, -0.17232968, -0.16703844, -0.23465413, 0.82759887, 0.5099192, 0.0503666, 0.5342122, -0.8438487, 0.1288299, 0.68938905, 0.16856803)
collision_layer = 2
collision_mask = 2
joint_type = 2
joint_offset = Transform3D(1, 0, 0, 0, 1, 0, 0, 0, 1, 3.3685345e-05, -5.0715513e-05, 0.20640145)
body_offset = Transform3D(1.0000026, -5.5873767e-05, -0.00014358014, -0.00014357269, 1.14142895e-05, -1.0000002, 5.586818e-05, 1.0000023, 1.1503696e-05, -4.053116e-06, 0.2064015, 4.8339367e-05)
friction = 0.0
bone_name = "UpperLeg.l"
joint_constraints/swing_span = 45.0
joint_constraints/twist_span = 45.0
joint_constraints/bias = 0.3
joint_constraints/softness = 0.8
joint_constraints/relaxation = 1.0

[node name="CollisionShape3D" type="CollisionShape3D" parent="BasicConnectedDude/Armature/Skeleton3D/PhysicalBoneSimulator3D/Physical Bone UpperLeg_l"]
transform = Transform3D(0.99999964, 2.0954758e-09, -1.8626451e-09, -5.5879354e-09, -2.9802322e-08, 1, 2.9336661e-08, -0.99999964, 0, 2.9802322e-08, -3.7252903e-09, 0.00863266)
shape = SubResource("CapsuleShape3D_n7d1f")

[node name="Physical Bone LowerLeg_l" type="PhysicalBone3D" parent="BasicConnectedDude/Armature/Skeleton3D/PhysicalBoneSimulator3D"]
transform = Transform3D(-0.9994308, -0.006063601, 0.03318656, 0.027933482, -0.70032996, 0.7132726, 0.018916538, 0.71379364, 0.70010066, 0.15675198, 0.4475853, 0.20690538)
collision_layer = 2
collision_mask = 2
joint_type = 2
joint_offset = Transform3D(1, 0, 0, 0, 1, 0, 0, 0, 1, 1.6777078e-05, 2.3653245e-05, 0.19236994)
body_offset = Transform3D(1.0000025, -5.492009e-06, 9.149313e-06, 9.056181e-06, -4.595518e-05, -1.0000021, 6.271526e-06, 1.0000004, -4.696846e-05, -1.8537045e-05, 0.19237036, -1.4618039e-05)
friction = 0.0
bone_name = "LowerLeg.l"
joint_constraints/swing_span = 45.0
joint_constraints/twist_span = 90.0
joint_constraints/bias = 0.3
joint_constraints/softness = 0.8
joint_constraints/relaxation = 1.0

[node name="CollisionShape3D" type="CollisionShape3D" parent="BasicConnectedDude/Armature/Skeleton3D/PhysicalBoneSimulator3D/Physical Bone LowerLeg_l"]
transform = Transform3D(0.99999946, 8.381903e-09, 1.6763806e-08, -9.313226e-09, -1.0430813e-07, 1, 1.8859282e-08, -0.99999964, 1.3411045e-07, -2.9802322e-08, 3.7252903e-09, -0.011093974)
shape = SubResource("CapsuleShape3D_62ls6")

[node name="Physical Bone UpperArm_r" type="PhysicalBone3D" parent="BasicConnectedDude/Armature/Skeleton3D/PhysicalBoneSimulator3D"]
transform = Transform3D(-0.71017087, -0.6586315, 0.24872048, 0.17053923, 0.18182592, 0.96842945, -0.683062, 0.73016703, -0.01680497, -0.21090508, 1.2253591, 0.009349285)
collision_layer = 2
collision_mask = 2
joint_type = 2
joint_offset = Transform3D(1, 0, 0, 0, 1, 0, 0, 0, 1, 0.0001731978, 0.000273036, 0.12643804)
body_offset = Transform3D(1.0000005, -8.931756e-05, -0.0002509663, -0.00025099795, 9.1884285e-06, -1.0000005, 8.928776e-05, 1.0000006, 9.170733e-06, -0.00014144182, 0.12643814, -0.00027421117)
friction = 0.0
bone_name = "UpperArm.r"
joint_constraints/swing_span = 45.0
joint_constraints/twist_span = 45.0
joint_constraints/bias = 0.3
joint_constraints/softness = 0.8
joint_constraints/relaxation = 1.0

[node name="CollisionShape3D" type="CollisionShape3D" parent="BasicConnectedDude/Armature/Skeleton3D/PhysicalBoneSimulator3D/Physical Bone UpperArm_r"]
transform = Transform3D(1, 0, 0, 0, 0, 1, 0, -1, 0, 0, 0, 0)
shape = SubResource("CapsuleShape3D_gw7x3")

[node name="Physical Bone LowerArm_r" type="PhysicalBone3D" parent="BasicConnectedDude/Armature/Skeleton3D/PhysicalBoneSimulator3D"]
transform = Transform3D(-0.7546413, -0.57015544, 0.3247143, 0.07106682, 0.42095122, 0.90429515, -0.6522776, 0.7054948, -0.27714804, -0.29392326, 0.9614519, 0.056635253)
collision_layer = 2
collision_mask = 2
joint_type = 2
joint_offset = Transform3D(1, 0, 0, 0, 1, 0, 0, 0, 1, 0.00017451118, -0.00018245121, 0.16192551)
body_offset = Transform3D(1.0000005, 8.672476e-06, 4.1276217e-06, 4.082918e-06, -0.0001283586, -1.0000005, -8.672476e-06, 1.0000006, -0.00012844801, -0.00017517805, 0.16192555, 0.00020325184)
friction = 0.0
bone_name = "LowerArm.r"
joint_constraints/swing_span = 45.0
joint_constraints/twist_span = 45.0
joint_constraints/bias = 0.3
joint_constraints/softness = 0.8
joint_constraints/relaxation = 1.0

[node name="CollisionShape3D" type="CollisionShape3D" parent="BasicConnectedDude/Armature/Skeleton3D/PhysicalBoneSimulator3D/Physical Bone LowerArm_r"]
transform = Transform3D(1, -5.5134296e-07, -2.9802322e-08, 0, 1.1920929e-07, 1, 5.9604645e-08, -0.99999976, -7.4505806e-08, 0, 0, -0.014496267)
shape = SubResource("CapsuleShape3D_f0pfe")

[node name="Physical Bone UpperLeg_r" type="PhysicalBone3D" parent="BasicConnectedDude/Armature/Skeleton3D/PhysicalBoneSimulator3D"]
transform = Transform3D(-0.9906832, 0.027865345, 0.13330531, 0.13448732, 0.046030264, 0.98984563, 0.02144631, 0.99855137, -0.049348943, -0.12183845, 0.5903648, 0.004595165)
collision_layer = 2
collision_mask = 2
joint_type = 2
joint_offset = Transform3D(1, 0, 0, 0, 1, 0, 0, 0, 1, -7.1346362e-06, -4.2354583e-05, 0.20632043)
body_offset = Transform3D(1.0000025, 4.7057867e-05, 7.236295e-05, 7.234316e-05, 0.00012301281, -1.0000001, -4.7063455e-05, 1.0000023, 0.00012301281, -7.793307e-06, 0.20632046, 1.6974285e-05)
friction = 0.0
bone_name = "UpperLeg.r"
joint_constraints/swing_span = 45.0
joint_constraints/twist_span = 45.0
joint_constraints/bias = 0.3
joint_constraints/softness = 0.8
joint_constraints/relaxation = 1.0

[node name="CollisionShape3D" type="CollisionShape3D" parent="BasicConnectedDude/Armature/Skeleton3D/PhysicalBoneSimulator3D/Physical Bone UpperLeg_r"]
transform = Transform3D(0.99999946, -7.043127e-08, -9.313226e-10, -1.0244548e-08, 0, 1, -7.0314854e-08, -1, 0, 0, 7.450581e-09, 0.010097504)
shape = SubResource("CapsuleShape3D_jlwu0")

[node name="Physical Bone LowerLeg_r" type="PhysicalBone3D" parent="BasicConnectedDude/Armature/Skeleton3D/PhysicalBoneSimulator3D"]
transform = Transform3D(-0.99972063, -0.02363174, 0.0005302522, 0.015620879, -0.6436593, 0.76515275, -0.01774059, 0.76494724, 0.6438486, -0.1493029, 0.24006093, -0.10916586)
collision_layer = 2
collision_mask = 2
joint_type = 2
joint_offset = Transform3D(1, 0, 0, 0, 1, 0, 0, 0, 1, 9.048903e-06, 6.5203803e-06, 0.19242033)
body_offset = Transform3D(1.0000023, -3.1078234e-06, 3.669411e-07, -6.519258e-08, 7.420778e-05, -1.0000011, 2.7325004e-06, 1.0000012, 7.623434e-05, -9.119511e-06, 0.19242054, -2.1189451e-05)
friction = 0.0
bone_name = "LowerLeg.r"
joint_constraints/swing_span = 45.0
joint_constraints/twist_span = 90.0
joint_constraints/bias = 0.3
joint_constraints/softness = 0.8
joint_constraints/relaxation = 1.0

[node name="CollisionShape3D" type="CollisionShape3D" parent="BasicConnectedDude/Armature/Skeleton3D/PhysicalBoneSimulator3D/Physical Bone LowerLeg_r"]
transform = Transform3D(1, 7.194467e-08, 0, 3.7252903e-09, -1.4901161e-07, 1, 3.9464794e-08, -1, 1.4901161e-08, 0, 3.7252903e-09, -0.010849744)
shape = SubResource("CapsuleShape3D_xm2ed")

[node name="AnimationPlayer" parent="BasicConnectedDude" index="3"]
autoplay = "Idle"

[node name="AnimationTree" type="AnimationTree" parent="BasicConnectedDude"]
tree_root = SubResource("AnimationNodeBlendTree_6pvwk")
anim_player = NodePath("../AnimationPlayer")
parameters/Blend3/blend_amount = -1.0
parameters/Blend2/blend_amount = 1.0
parameters/TimeSeek/seek_request = -1.0

[node name="CollisionShape3D" type="CollisionShape3D" parent="."]
transform = Transform3D(1, 0, 0, 0, 1, 0, 0, 0, 1, 0, 0.90723574, 0)
shape = SubResource("CapsuleShape3D_jlik3")

[node name="RunRay" type="RayCast3D" parent="."]
transform = Transform3D(1, 0, 0, 0, 1, 0, 0, 0, 1, 0, 1.3258612, 0)
target_position = Vector3(0, 0, 20)
collide_with_areas = true
debug_shape_custom_color = Color(0, 1, 0, 1)

[node name="AimRay" type="RayCast3D" parent="."]
transform = Transform3D(1, 0, 0, 0, 1, 0, 0, 0, 1, 0, 1.2055721, 0)
target_position = Vector3(0, 0, 10)
collide_with_areas = true
debug_shape_custom_color = Color(0.5137255, 0.5137255, 0, 1)

[editable path="BasicConnectedDude"]
