[gd_scene load_steps=9 format=3 uid="uid://cpvimjxc4obem"]

[ext_resource type="Script" uid="uid://d0u76i8q3uo4q" path="res://Scripts/basic_enemy.gd" id="1_fecjr"]
[ext_resource type="PackedScene" uid="uid://x8waxcb3floy" path="res://3D/BasicEnemy2.blend" id="2_fecjr"]

[sub_resource type="CapsuleShape3D" id="CapsuleShape3D_lal1l"]
radius = 0.080566406
height = 0.46722412

[sub_resource type="CapsuleShape3D" id="CapsuleShape3D_mbxfi"]
radius = 0.2084961
height = 0.76287395

[sub_resource type="CapsuleShape3D" id="CapsuleShape3D_fecjr"]
radius = 0.072753906
height = 0.3600006

[sub_resource type="CapsuleShape3D" id="CapsuleShape3D_r4aor"]
radius = 0.05419922
height = 0.47485352

[sub_resource type="CapsuleShape3D" id="CapsuleShape3D_6kac6"]
radius = 0.09472656
height = 0.3612671

[sub_resource type="CapsuleShape3D" id="CapsuleShape3D_6cefa"]
radius = 0.07373047
height = 0.59521484

[node name="BasicEnemy" type="CharacterBody3D"]
script = ExtResource("1_fecjr")

[node name="BasicEnemy2" parent="." instance=ExtResource("2_fecjr")]

[node name="Skeleton3D" parent="BasicEnemy2/Armature" index="0"]
bones/0/position = Vector3(0, 1.0041319, 0)
bones/1/rotation = Quaternion(0.10160881, 1.185923e-07, 1.211271e-08, 0.9948245)
bones/2/rotation = Quaternion(0.001264929, -0.0070109684, 0.98850465, -0.15102293)
bones/3/rotation = Quaternion(0.13212194, -0.0098374635, -0.079787195, 0.98796815)
bones/4/rotation = Quaternion(0.07861379, 0.038335077, 0.99524003, -0.04298514)
bones/4/scale = Vector3(1.000048, 0.9999988, 1.0000305)
bones/5/rotation = Quaternion(-0.07200079, 0.000115721836, -0.002633105, 0.9974012)
bones/6/rotation = Quaternion(0.50910395, 0.054522894, -0.06950448, 0.8561598)
bones/6/scale = Vector3(1.0000352, 0.9999975, 0.9999929)
bones/7/rotation = Quaternion(-0.0014110908, -0.0069830185, 0.98513454, 0.17163672)
bones/8/rotation = Quaternion(0.13212195, 0.009837464, 0.079787195, 0.98796815)
bones/9/rotation = Quaternion(-0.09027615, 0.038731, 0.9942152, 0.04343111)
bones/9/scale = Vector3(1.0000479, 0.99999887, 1.0000305)
bones/10/rotation = Quaternion(-0.07200079, -0.000115737676, 0.0026331055, 0.9974012)
bones/10/scale = Vector3(1.0000002, 1, 1.0000012)
bones/11/rotation = Quaternion(0.50818855, -0.06492986, 0.07478443, 0.8555325)
bones/11/scale = Vector3(1.0000381, 0.9999955, 0.9999919)
bones/12/position = Vector3(0.21277145, 0.59517395, 0.42647362)
bones/12/rotation = Quaternion(-0.028027061, 0.70655113, 0.7065512, -0.028027058)
bones/13/rotation = Quaternion(-0.026295055, 0.7066177, -0.7066177, 0.026295057)
bones/14/position = Vector3(-0.2240212, 0.59517395, 0.42647362)
bones/15/rotation = Quaternion(0.026295055, 0.7066177, -0.7066177, -0.026295057)

[node name="Head" type="BoneAttachment3D" parent="BasicEnemy2/Armature/Skeleton3D" index="1"]
transform = Transform3D(1, 5.32907e-15, 2.3841852e-07, 4.820008e-08, 0.9793512, -0.20216583, -2.334955e-07, 0.20216583, 0.9793512, 0, 1.607457, 0)
bone_name = "Head"
bone_idx = 1

[node name="Head" type="Area3D" parent="BasicEnemy2/Armature/Skeleton3D/Head"]

[node name="Head" type="CollisionShape3D" parent="BasicEnemy2/Armature/Skeleton3D/Head/Head"]
transform = Transform3D(1, 0, 0, 0, 0.99999994, 0, 0, 0, 0.99999994, 0, 0, 0)
shape = SubResource("CapsuleShape3D_lal1l")

[node name="Body" type="BoneAttachment3D" parent="BasicEnemy2/Armature/Skeleton3D" index="2"]
transform = Transform3D(1, 0, 0, 0, 1, 0, 0, 0, 1, 0, 1.0041319, 0)
bone_name = "Body"
bone_idx = 0

[node name="Body" type="Area3D" parent="BasicEnemy2/Armature/Skeleton3D/Body"]

[node name="Body" type="CollisionShape3D" parent="BasicEnemy2/Armature/Skeleton3D/Body/Body"]
transform = Transform3D(1, 0, 0, 0, 1, 0, 0, 0, 1, 0, 0.26797712, 0)
shape = SubResource("CapsuleShape3D_mbxfi")

[node name="UpperArm_l" type="BoneAttachment3D" parent="BasicEnemy2/Armature/Skeleton3D" index="3"]
transform = Transform3D(-0.95438164, 0.29855594, 0.004618409, -0.29859164, -0.9542858, -0.0134786805, 0.00038314264, -0.014242814, 0.99989843, 0.19116795, 1.5485909, -0.028301394)
bone_name = "UpperArm.l"
bone_idx = 2

[node name="UpperArm_l" type="Area3D" parent="BasicEnemy2/Armature/Skeleton3D/UpperArm_l"]

[node name="CollisionShape3D" type="CollisionShape3D" parent="BasicEnemy2/Armature/Skeleton3D/UpperArm_l/UpperArm_l"]
transform = Transform3D(1, 2.650272e-07, -9.604264e-10, -3.389232e-09, 1.0000004, -3.7252903e-09, 1.29512046e-08, -2.7939677e-09, 1, 2.9802322e-07, 0.11667645, 3.7252903e-08)
shape = SubResource("CapsuleShape3D_fecjr")

[node name="UpperArm_r" type="BoneAttachment3D" parent="BasicEnemy2/Armature/Skeleton3D" index="4"]
transform = Transform3D(-0.94107825, -0.3381508, -0.005177313, 0.33819047, -0.94098395, -0.0132740345, -0.00038314427, -0.014242815, 0.99989843, -0.19116795, 1.5485909, -0.028301394)
bone_name = "UpperArm.r"
bone_idx = 7

[node name="UpperArm_r" type="Area3D" parent="BasicEnemy2/Armature/Skeleton3D/UpperArm_r"]

[node name="CollisionShape3D" type="CollisionShape3D" parent="BasicEnemy2/Armature/Skeleton3D/UpperArm_r/UpperArm_r"]
transform = Transform3D(1, 2.650272e-07, -9.604264e-10, -3.389232e-09, 1.0000004, -3.7252903e-09, 1.29512046e-08, -2.7939677e-09, 1, 2.9802322e-07, 0.11667645, 3.7252903e-08)
shape = SubResource("CapsuleShape3D_fecjr")

[node name="LowerArm_l" type="BoneAttachment3D" parent="BasicEnemy2/Armature/Skeleton3D" index="5"]
transform = Transform3D(-0.98989797, 0.13756283, -0.034344457, -0.14178196, -0.9586575, 0.24672598, 0.001015749, 0.24910285, 0.9684764, 0.27027208, 1.2957478, -0.032075107)
bone_name = "LowerArm.l"
bone_idx = 3

[node name="LowerArm_l" type="Area3D" parent="BasicEnemy2/Armature/Skeleton3D/LowerArm_l"]

[node name="CollisionShape3D" type="CollisionShape3D" parent="BasicEnemy2/Armature/Skeleton3D/LowerArm_l/LowerArm_l"]
transform = Transform3D(0.999997, -2.7788337e-07, 1.3154931e-08, 1.4630496e-07, 0.9999989, 0, 7.475028e-07, 5.066395e-07, 1, -2.9802322e-08, 0.2464602, 5.9604645e-08)
shape = SubResource("CapsuleShape3D_r4aor")

[node name="LowerArm_r" type="BoneAttachment3D" parent="BasicEnemy2/Armature/Skeleton3D" index="6"]
transform = Transform3D(-0.9831127, -0.17748071, 0.04461891, 0.18300095, -0.9520756, 0.24507631, -0.0010157487, 0.24910288, 0.9684764, -0.28076294, 1.2992721, -0.032075107)
bone_name = "LowerArm.r"
bone_idx = 8

[node name="LowerArm_r" type="Area3D" parent="BasicEnemy2/Armature/Skeleton3D/LowerArm_r"]

[node name="CollisionShape3D" type="CollisionShape3D" parent="BasicEnemy2/Armature/Skeleton3D/LowerArm_r/LowerArm_r"]
transform = Transform3D(0.999997, -2.7788337e-07, 1.3154931e-08, 1.4630496e-07, 0.9999989, 0, 7.475028e-07, 5.066395e-07, 1, -2.9802322e-08, 0.2464602, 5.9604645e-08)
shape = SubResource("CapsuleShape3D_r4aor")

[node name="UpperLeg_l" type="BoneAttachment3D" parent="BasicEnemy2/Armature/Skeleton3D" index="7"]
transform = Transform3D(-0.98399156, 0.09158828, 0.15318817, -0.07953755, -0.9933642, 0.08306618, 0.15978251, 0.06954666, 0.9847306, 0.105961174, 1.0048584, -0.035320267)
bone_name = "UpperLeg.l"
bone_idx = 4

[node name="UpperLeg_l" type="Area3D" parent="BasicEnemy2/Armature/Skeleton3D/UpperLeg_l"]

[node name="CollisionShape3D" type="CollisionShape3D" parent="BasicEnemy2/Armature/Skeleton3D/UpperLeg_l/UpperLeg_l"]
transform = Transform3D(1.0000056, -3.7811697e-07, -7.8976154e-07, -1.7043203e-07, 1, 1.616776e-06, -5.5134296e-07, 1.5646219e-07, 1.0000023, -4.4703484e-08, 0.23715234, 8.195639e-08)
shape = SubResource("CapsuleShape3D_6kac6")

[node name="UpperLeg_r" type="BoneAttachment3D" parent="BasicEnemy2/Armature/Skeleton3D" index="8"]
transform = Transform3D(-0.979975, -0.093352616, -0.17614898, 0.07937057, -0.99322635, 0.08485809, -0.1828809, 0.06917224, 0.9807302, -0.105961174, 1.0048584, -0.035320267)
bone_name = "UpperLeg.r"
bone_idx = 9

[node name="UpperLeg_r" type="Area3D" parent="BasicEnemy2/Armature/Skeleton3D/UpperLeg_r"]

[node name="CollisionShape3D" type="CollisionShape3D" parent="BasicEnemy2/Armature/Skeleton3D/UpperLeg_r/UpperLeg_r"]
transform = Transform3D(1.0000056, -3.7811697e-07, -7.8976154e-07, -1.7043203e-07, 1, 1.616776e-06, -5.5134296e-07, 1.5646219e-07, 1.0000023, -4.4703484e-08, 0.23715234, 8.195639e-08)
shape = SubResource("CapsuleShape3D_6kac6")

[node name="LowerLeg_l" type="BoneAttachment3D" parent="BasicEnemy2/Armature/Skeleton3D" index="9"]
transform = Transform3D(-0.98443776, 0.06348325, 0.16415414, -0.074289896, -0.99539804, -0.06051722, 0.15955989, -0.0717736, 0.98460686, 0.14371666, 0.5953635, -0.0066510327)
bone_name = "LowerLeg.l"
bone_idx = 5

[node name="LowerLeg_l" type="Area3D" parent="BasicEnemy2/Armature/Skeleton3D/LowerLeg_l"]

[node name="CollisionShape3D" type="CollisionShape3D" parent="BasicEnemy2/Armature/Skeleton3D/LowerLeg_l/LowerLeg_l"]
transform = Transform3D(0.99999744, 7.227063e-07, 3.427267e-07, 3.9115548e-08, 1, 1.0430813e-07, -4.4703484e-08, -4.246831e-07, 1.0000006, -1.4901161e-08, 0.2770991, -1.0803342e-07)
shape = SubResource("CapsuleShape3D_6cefa")

[node name="LowerLeg_r" type="BoneAttachment3D" parent="BasicEnemy2/Armature/Skeleton3D" index="10"]
transform = Transform3D(-0.98042744, -0.061952494, -0.18713295, 0.074123405, -0.99551815, -0.058724053, -0.18265934, -0.07144863, 0.9806095, -0.14444396, 0.59542036, -0.0068053827)
bone_name = "LowerLeg.r"
bone_idx = 10

[node name="LowerLeg_r" type="Area3D" parent="BasicEnemy2/Armature/Skeleton3D/LowerLeg_r"]

[node name="CollisionShape3D" type="CollisionShape3D" parent="BasicEnemy2/Armature/Skeleton3D/LowerLeg_r/LowerLeg_r"]
transform = Transform3D(0.99999744, 7.227063e-07, 3.427267e-07, 3.9115548e-08, 1, 1.0430813e-07, -4.4703484e-08, -4.246831e-07, 1.0000006, -1.4901161e-08, 0.2770991, -1.0803342e-07)
shape = SubResource("CapsuleShape3D_6cefa")

[node name="AnimationPlayer" parent="BasicEnemy2" index="3"]
autoplay = "Run"

[editable path="BasicEnemy2"]
