[gd_scene load_steps=31 format=3 uid="uid://cpvimjxc4obem"]

[ext_resource type="Script" uid="uid://d0u76i8q3uo4q" path="res://Scripts/basic_enemy.gd" id="1_fecjr"]
[ext_resource type="PackedScene" uid="uid://dudl7j132hyk" path="res://3D/BasicConnectedDude.blend" id="2_fecjr"]
[ext_resource type="AudioStream" uid="uid://cvxyyt6ow30ir" path="res://Sounds/single-pistol-gunshot-33-37187.wav" id="3_lal1l"]

[sub_resource type="CapsuleShape3D" id="CapsuleShape3D_lal1l"]
radius = 0.07714844
height = 0.27856445

[sub_resource type="CapsuleShape3D" id="CapsuleShape3D_mbxfi"]
radius = 0.17285156
height = 0.76287395

[sub_resource type="CapsuleShape3D" id="CapsuleShape3D_fecjr"]
radius = 0.072753906
height = 0.3600006

[sub_resource type="CapsuleShape3D" id="CapsuleShape3D_r4aor"]
radius = 0.05419922
height = 0.47485352

[sub_resource type="CapsuleShape3D" id="CapsuleShape3D_6kac6"]
radius = 0.06689453
height = 0.3612671

[sub_resource type="CapsuleShape3D" id="CapsuleShape3D_6cefa"]
radius = 0.05126953
height = 0.41967773

[sub_resource type="CapsuleShape3D" id="CapsuleShape3D_6pvwk"]
radius = 0.058576625
height = 0.58576626

[sub_resource type="CapsuleShape3D" id="CapsuleShape3D_dhrsy"]
radius = 0.024788445
height = 0.23527035

[sub_resource type="CapsuleShape3D" id="CapsuleShape3D_nk2ac"]
radius = 0.032165624
height = 0.29754686

[sub_resource type="CapsuleShape3D" id="CapsuleShape3D_h7iov"]
radius = 0.016575402
height = 0.14129202

[sub_resource type="CapsuleShape3D" id="CapsuleShape3D_n7d1f"]
radius = 0.041148417
height = 0.37337884

[sub_resource type="CapsuleShape3D" id="CapsuleShape3D_62ls6"]
radius = 0.038324304
height = 0.3610551

[sub_resource type="CapsuleShape3D" id="CapsuleShape3D_gw7x3"]
radius = 0.024788445
height = 0.2367352

[sub_resource type="CapsuleShape3D" id="CapsuleShape3D_f0pfe"]
radius = 0.032165624
height = 0.29266405

[sub_resource type="CapsuleShape3D" id="CapsuleShape3D_jlwu0"]
radius = 0.041148417
height = 0.3665429

[sub_resource type="CapsuleShape3D" id="CapsuleShape3D_xm2ed"]
radius = 0.038324304
height = 0.3615434

[sub_resource type="AnimationNodeAnimation" id="AnimationNodeAnimation_fecjr"]
animation = &"Fire"

[sub_resource type="AnimationNodeAnimation" id="AnimationNodeAnimation_lal1l"]
animation = &"Aim"

[sub_resource type="AnimationNodeAnimation" id="AnimationNodeAnimation_6kac6"]
animation = &"Run"

[sub_resource type="AnimationNodeAnimation" id="AnimationNodeAnimation_6cefa"]
animation = &"Idle"

[sub_resource type="AnimationNodeAnimation" id="AnimationNodeAnimation_r4aor"]
animation = &"Walk"

[sub_resource type="AnimationNodeBlend2" id="AnimationNodeBlend2_fecjr"]
filter_enabled = true
filters = ["", "Armature/Skeleton3D:Gun", "Armature/Skeleton3D:Hand.l", "Armature/Skeleton3D:Head", "Armature/Skeleton3D:IKLegPole.l", "Armature/Skeleton3D:IKLegPole.r", "Armature/Skeleton3D:IKLegTarget.l", "Armature/Skeleton3D:IKLegTarget.r", "Armature/Skeleton3D:LowerArm.l", "Armature/Skeleton3D:LowerArm.r", "Armature/Skeleton3D:UpperArm.l", "Armature/Skeleton3D:UpperArm.r"]

[sub_resource type="AnimationNodeBlend3" id="AnimationNodeBlend3_6pvwk"]

[sub_resource type="AnimationNodeOneShot" id="AnimationNodeOneShot_lal1l"]

[sub_resource type="AnimationNodeTimeSeek" id="AnimationNodeTimeSeek_fecjr"]

[sub_resource type="AnimationNodeBlendTree" id="AnimationNodeBlendTree_6pvwk"]
graph_offset = Vector2(-328.6358, 328.9817)
nodes/output/position = Vector2(540, 140)
nodes/Animation/node = SubResource("AnimationNodeAnimation_r4aor")
nodes/Animation/position = Vector2(-580, 140)
nodes/Blend3/node = SubResource("AnimationNodeBlend3_6pvwk")
nodes/Blend3/position = Vector2(280, 240)
"nodes/Animation 3/node" = SubResource("AnimationNodeAnimation_lal1l")
"nodes/Animation 3/position" = Vector2(-1040, 360)
"nodes/Animation 4/node" = SubResource("AnimationNodeAnimation_6kac6")
"nodes/Animation 4/position" = Vector2(-100, 340)
"nodes/Animation 5/node" = SubResource("AnimationNodeAnimation_6cefa")
"nodes/Animation 5/position" = Vector2(-80, 560)
nodes/Blend2/node = SubResource("AnimationNodeBlend2_fecjr")
nodes/Blend2/position = Vector2(-300, 180)
nodes/TimeSeek/node = SubResource("AnimationNodeTimeSeek_fecjr")
nodes/TimeSeek/position = Vector2(-740, 340)
nodes/OneShot/node = SubResource("AnimationNodeOneShot_lal1l")
nodes/OneShot/position = Vector2(-520, 360)
"nodes/Animation 2/node" = SubResource("AnimationNodeAnimation_fecjr")
"nodes/Animation 2/position" = Vector2(-740, 580)
node_connections = [&"output", 0, &"Blend3", &"Blend3", 0, &"Blend2", &"Blend3", 1, &"Animation 4", &"Blend3", 2, &"Animation 5", &"Blend2", 0, &"Animation", &"Blend2", 1, &"OneShot", &"TimeSeek", 0, &"Animation 3", &"OneShot", 0, &"TimeSeek", &"OneShot", 1, &"Animation 2"]

[sub_resource type="CapsuleShape3D" id="CapsuleShape3D_jlik3"]
radius = 0.24804688
height = 1.7792969

[node name="BasicEnemy" type="CharacterBody3D"]
collision_layer = 4
script = ExtResource("1_fecjr")

[node name="BasicConnectedDude" parent="." instance=ExtResource("2_fecjr")]

[node name="Empty" parent="BasicConnectedDude" index="0"]
visible = false

[node name="Empty_001" parent="BasicConnectedDude" index="1"]
visible = false

[node name="Skeleton3D" parent="BasicConnectedDude/Armature" index="0"]
bones/0/position = Vector3(0, 0.9213895, 0)
bones/1/rotation = Quaternion(0.1711988, -0.006000676, -0.008272952, 0.9851835)
bones/2/rotation = Quaternion(0.013455352, 0.011998563, 0.98356336, -0.17966095)
bones/3/rotation = Quaternion(0.12763143, 0.009884094, -0.05563355, 0.99021083)
bones/4/rotation = Quaternion(-0.020424629, 0.011224384, -0.04524088, 0.9987043)
bones/5/rotation = Quaternion(0.07412162, -1.3419483e-07, -0.08022053, 0.99401754)
bones/6/rotation = Quaternion(-0.01575865, 0.048453122, 0.99772626, -0.044117678)
bones/7/rotation = Quaternion(-0.1231849, 0.0005270853, -0.021187454, 0.9921574)
bones/8/rotation = Quaternion(0.6100874, -0.012752044, 0.006425304, 0.79220545)
bones/9/rotation = Quaternion(-0.36335513, 0.054442752, 0.92292964, 0.11493528)
bones/10/rotation = Quaternion(0.1276314, -0.00988411, 0.055633556, 0.99021083)
bones/12/rotation = Quaternion(0.008571141, 0.04863454, 0.9977824, 0.044626623)
bones/13/rotation = Quaternion(-0.1231849, -0.00052708463, 0.021187454, 0.9921574)
bones/14/rotation = Quaternion(0.61470705, 0.0066923583, -0.0030694962, 0.78872126)
bones/15/position = Vector3(0.09680532, 0.592891, 0.59586024)
bones/15/rotation = Quaternion(-0.027907383, 0.7062706, 0.70655584, -0.0343802)
bones/16/position = Vector3(0.1493951, 0.096743464, -0.029801106)
bones/16/rotation = Quaternion(0.017548267, -0.7110866, 0.70266116, -0.017758686)
bones/17/position = Vector3(-0.10557927, 0.5945051, 0.5960767)
bones/17/rotation = Quaternion(0.013315002, 0.70541024, 0.7069814, 0.048953414)
bones/18/position = Vector3(-0.1493951, 0.096743464, -0.029801106)
bones/18/rotation = Quaternion(-0.017653788, -0.7068864, 0.70688635, 0.017653788)

[node name="Head" type="BoneAttachment3D" parent="BasicConnectedDude/Armature/Skeleton3D" index="8"]
transform = Transform3D(0.9997911, 0.014246136, -0.014656175, -0.018355371, 0.941245, -0.3372252, 0.008990897, 0.33742377, 0.9413099, 0, 1.5071558, 0)
bone_name = "Head"
bone_idx = 1

[node name="Head" type="Area3D" parent="BasicConnectedDude/Armature/Skeleton3D/Head"]
collision_layer = 2
collision_mask = 2

[node name="CollisionShape3D" type="CollisionShape3D" parent="BasicConnectedDude/Armature/Skeleton3D/Head/Head"]
transform = Transform3D(1, 0, 6.41065e-23, 2.0679515e-25, 1, 0, 4.135903e-25, 0, 1, -3.3087225e-24, 0.17956579, -5.9604645e-08)
shape = SubResource("CapsuleShape3D_lal1l")

[node name="Body" type="BoneAttachment3D" parent="BasicConnectedDude/Armature/Skeleton3D" index="9"]
transform = Transform3D(1, 0, 0, 0, 1, 0, 0, 0, 1, 0, 0.9213895, 0)
bone_name = "Body"
bone_idx = 0

[node name="Body" type="Area3D" parent="BasicConnectedDude/Armature/Skeleton3D/Body"]
collision_layer = 2
collision_mask = 2

[node name="Body" type="CollisionShape3D" parent="BasicConnectedDude/Armature/Skeleton3D/Body/Body"]
transform = Transform3D(1, 0, 0, 0, 1, 0, 0, 0, 1, 0, 0.26797718, 0.016011342)
shape = SubResource("CapsuleShape3D_mbxfi")

[node name="UpperArm_l" type="BoneAttachment3D" parent="BasicConnectedDude/Armature/Skeleton3D" index="10"]
transform = Transform3D(-0.93508124, 0.3537386, 0.022157025, -0.3530928, -0.9351556, 0.028437482, 0.03077971, 0.018767886, 0.9993494, 0.17976017, 1.4363724, 1.9315712e-07)
bone_name = "UpperArm.l"
bone_idx = 2

[node name="UpperArm_l" type="Area3D" parent="BasicConnectedDude/Armature/Skeleton3D/UpperArm_l"]
collision_layer = 2
collision_mask = 2

[node name="CollisionShape3D" type="CollisionShape3D" parent="BasicConnectedDude/Armature/Skeleton3D/UpperArm_l/UpperArm_l"]
transform = Transform3D(1, 2.650272e-07, -9.604264e-10, -3.389232e-09, 1.0000004, -3.7252903e-09, 1.29512046e-08, -2.7939677e-09, 1, 2.9802322e-07, 0.11667645, 3.7252903e-08)
shape = SubResource("CapsuleShape3D_fecjr")

[node name="UpperArm_r" type="BoneAttachment3D" parent="BasicConnectedDude/Armature/Skeleton3D" index="11"]
transform = Transform3D(-0.70952547, -0.2517183, -0.65818715, 0.1725901, -0.9676513, 0.18401815, -0.6832167, 0.016968997, 0.7300177, -0.17976017, 1.4363724, 1.9315712e-07)
bone_name = "UpperArm.r"
bone_idx = 9

[node name="UpperArm_r" type="Area3D" parent="BasicConnectedDude/Armature/Skeleton3D/UpperArm_r"]
collision_layer = 2
collision_mask = 2

[node name="CollisionShape3D" type="CollisionShape3D" parent="BasicConnectedDude/Armature/Skeleton3D/UpperArm_r/UpperArm_r"]
transform = Transform3D(1, 2.650272e-07, -9.604264e-10, -3.389232e-09, 1.0000004, -3.7252903e-09, 1.29512046e-08, -2.7939677e-09, 1, 2.9802322e-07, 0.11667645, 3.7252903e-08)
shape = SubResource("CapsuleShape3D_fecjr")

[node name="LowerArm_l" type="BoneAttachment3D" parent="BasicConnectedDude/Armature/Skeleton3D" index="12"]
transform = Transform3D(-0.9679403, 0.2402159, -0.07339525, -0.2511246, -0.9315371, 0.26301023, -0.005191162, 0.2730097, 0.96199673, 0.2674465, 1.204562, 0.004652426)
bone_name = "LowerArm.l"
bone_idx = 3

[node name="LowerArm_l" type="Area3D" parent="BasicConnectedDude/Armature/Skeleton3D/LowerArm_l"]
collision_layer = 2
collision_mask = 2

[node name="CollisionShape3D" type="CollisionShape3D" parent="BasicConnectedDude/Armature/Skeleton3D/LowerArm_l/LowerArm_l"]
transform = Transform3D(0.999997, -2.7788337e-07, 1.3154931e-08, 1.4630496e-07, 0.9999989, 0, 7.475028e-07, 5.066395e-07, 1, -2.9802322e-08, 0.2464602, 5.9604645e-08)
shape = SubResource("CapsuleShape3D_r4aor")

[node name="LowerArm_r" type="BoneAttachment3D" parent="BasicConnectedDude/Armature/Skeleton3D" index="13"]
transform = Transform3D(-0.7543243, -0.32763723, -0.5689003, 0.07353105, -0.903276, 0.4227111, -0.65237015, 0.27702957, 0.70545495, -0.24215722, 1.1965067, 0.0042065033)
bone_name = "LowerArm.r"
bone_idx = 10

[node name="LowerArm_r" type="Area3D" parent="BasicConnectedDude/Armature/Skeleton3D/LowerArm_r"]
collision_layer = 2
collision_mask = 2

[node name="CollisionShape3D" type="CollisionShape3D" parent="BasicConnectedDude/Armature/Skeleton3D/LowerArm_r/LowerArm_r"]
transform = Transform3D(0.999997, -2.7788337e-07, 1.3154931e-08, 1.4630496e-07, 0.9999989, 0, 7.475028e-07, 5.066395e-07, 1, -2.9802322e-08, 0.2464602, 5.9604645e-08)
shape = SubResource("CapsuleShape3D_r4aor")

[node name="UpperLeg_l" type="BoneAttachment3D" parent="BasicConnectedDude/Armature/Skeleton3D" index="14"]
transform = Transform3D(-0.9956082, 0.08650761, -0.035720833, -0.08956161, -0.9914118, 0.09529521, -0.027170291, 0.098076366, 0.9948057, 0.094328955, 0.883075, -0.012934335)
bone_name = "UpperLeg.l"
bone_idx = 6

[node name="UpperLeg_l" type="Area3D" parent="BasicConnectedDude/Armature/Skeleton3D/UpperLeg_l"]
collision_layer = 2
collision_mask = 2

[node name="CollisionShape3D" type="CollisionShape3D" parent="BasicConnectedDude/Armature/Skeleton3D/UpperLeg_l/UpperLeg_l"]
transform = Transform3D(1.0000056, -3.7811697e-07, -7.8976154e-07, -1.7043203e-07, 1, 1.616776e-06, -5.5134296e-07, 1.5646219e-07, 1.0000023, -4.4703484e-08, 0.23715234, 8.195639e-08)
shape = SubResource("CapsuleShape3D_6kac6")

[node name="UpperLeg_r" type="BoneAttachment3D" parent="BasicConnectedDude/Armature/Skeleton3D" index="15"]
transform = Transform3D(-0.9958675, -0.0882216, 0.02144501, 0.089888796, -0.9912863, 0.096288145, 0.012763445, 0.09781837, 0.9951202, -0.094328955, 0.883075, -0.012934335)
bone_name = "UpperLeg.r"
bone_idx = 12

[node name="UpperLeg_r" type="Area3D" parent="BasicConnectedDude/Armature/Skeleton3D/UpperLeg_r"]
collision_layer = 2
collision_mask = 2

[node name="CollisionShape3D" type="CollisionShape3D" parent="BasicConnectedDude/Armature/Skeleton3D/UpperLeg_r/UpperLeg_r"]
transform = Transform3D(1.0000056, -4.323665e-07, -7.962808e-07, -2.1420419e-07, 1, 1.6987324e-06, -5.559996e-07, 1.5646219e-07, 1.0000023, -7.4505806e-08, 0.23715234, 7.4505806e-08)
shape = SubResource("CapsuleShape3D_6kac6")

[node name="LowerLeg_l" type="BoneAttachment3D" parent="BasicConnectedDude/Armature/Skeleton3D" index="16"]
transform = Transform3D(-0.9985111, 0.05080818, -0.019731276, -0.047273133, -0.9874829, -0.15047435, -0.027129635, -0.14931715, 0.988415, 0.12992547, 0.47512475, 0.027422532)
bone_name = "LowerLeg.l"
bone_idx = 7

[node name="LowerLeg_l" type="Area3D" parent="BasicConnectedDude/Armature/Skeleton3D/LowerLeg_l"]
collision_layer = 2
collision_mask = 2

[node name="CollisionShape3D" type="CollisionShape3D" parent="BasicConnectedDude/Armature/Skeleton3D/LowerLeg_l/LowerLeg_l"]
transform = Transform3D(1, 7.23172e-07, 3.4086406e-07, -1.1571683e-07, 1, 1.0430813e-07, -2.7939677e-08, -4.172325e-07, 1.0000006, -1.4901161e-08, 0.27709913, -1.0803342e-07)
shape = SubResource("CapsuleShape3D_6cefa")

[node name="LowerLeg_r" type="BoneAttachment3D" parent="BasicConnectedDude/Armature/Skeleton3D" index="17"]
transform = Transform3D(-0.9987829, -0.048967876, 0.005471412, 0.04760118, -0.98761773, -0.14948294, 0.012723539, -0.14904013, 0.9887472, -0.13063075, 0.4751764, 0.02731637)
bone_name = "LowerLeg.r"
bone_idx = 13

[node name="LowerLeg_r" type="Area3D" parent="BasicConnectedDude/Armature/Skeleton3D/LowerLeg_r"]
collision_layer = 2
collision_mask = 2

[node name="CollisionShape3D" type="CollisionShape3D" parent="BasicConnectedDude/Armature/Skeleton3D/LowerLeg_r/LowerLeg_r"]
transform = Transform3D(1, 7.23172e-07, 3.4086406e-07, -1.1571683e-07, 1, 1.0430813e-07, -2.7939677e-08, -4.172325e-07, 1.0000006, -1.4901161e-08, 0.27709913, -1.0803342e-07)
shape = SubResource("CapsuleShape3D_6cefa")

[node name="PhysicalBoneSimulator3D" type="PhysicalBoneSimulator3D" parent="BasicConnectedDude/Armature/Skeleton3D" index="18"]
visible = false

[node name="Physical Bone Body" type="PhysicalBone3D" parent="BasicConnectedDude/Armature/Skeleton3D/PhysicalBoneSimulator3D"]
transform = Transform3D(1, -6.0697205e-23, 3.9686317e-23, 3.9686314e-23, -2.9802322e-08, -1, 6.0697205e-23, 1, -2.9802322e-08, 1.1621888e-22, 1.2315094, -1.7867424e-06)
collision_layer = 2
collision_mask = 2
joint_offset = Transform3D(1, 0, 0, 0, 1, 0, 0, 0, 1, -1.2852628e-22, 1.7959846e-06, 0.31011993)
body_offset = Transform3D(1, -6.0697205e-23, 3.9686317e-23, 3.9686314e-23, -2.9802322e-08, -1, 6.0697205e-23, 1, -2.9802322e-08, 1.1621888e-22, 0.31011993, -1.7867424e-06)
friction = 0.0
bone_name = "Body"

[node name="CollisionShape3D" type="CollisionShape3D" parent="BasicConnectedDude/Armature/Skeleton3D/PhysicalBoneSimulator3D/Physical Bone Body"]
transform = Transform3D(1, 0, 0, 0, 0, 1, 0, -1, 0, 0, 0, 0)
shape = SubResource("CapsuleShape3D_6pvwk")
debug_color = Color(0.9737684, 0, 0.43501937, 0.41960785)

[node name="Physical Bone UpperArm_l" type="PhysicalBone3D" parent="BasicConnectedDude/Armature/Skeleton3D/PhysicalBoneSimulator3D"]
transform = Transform3D(-0.9350769, 0.022159869, -0.35375166, -0.35310596, 0.028433233, 0.9351512, 0.030781131, 0.9993501, -0.018762479, 0.23478812, 1.2908028, 0.0029071686)
collision_layer = 2
collision_mask = 2
joint_type = 2
joint_offset = Transform3D(1, 0, 0, 0, 1, 0, 0, 0, 1, -3.5600602e-05, 1.4515649e-05, 0.1556503)
body_offset = Transform3D(1.0000006, -1.1399388e-06, 1.3892888e-05, 1.3896904e-05, 4.991889e-06, -1.0000005, 1.1418015e-06, 1.0000006, 4.9900264e-06, 3.3438206e-05, 0.15565038, -1.5292317e-05)
friction = 0.0
bone_name = "UpperArm.l"
joint_constraints/swing_span = 45.0
joint_constraints/twist_span = 45.0
joint_constraints/bias = 0.3
joint_constraints/softness = 0.8
joint_constraints/relaxation = 1.0

[node name="CollisionShape3D" type="CollisionShape3D" parent="BasicConnectedDude/Armature/Skeleton3D/PhysicalBoneSimulator3D/Physical Bone UpperArm_l"]
transform = Transform3D(1, -2.0582229e-07, -2.0489097e-08, -1.1175871e-08, 3.7252903e-09, 0.99999964, -2.9685907e-09, -0.9999994, -1.3038516e-08, 0, 3.7252903e-09, 0.0063073635)
shape = SubResource("CapsuleShape3D_dhrsy")
debug_color = Color(0.97814196, 0, 0.4022961, 0.41960785)

[node name="Physical Bone LowerArm_l" type="PhysicalBone3D" parent="BasicConnectedDude/Armature/Skeleton3D/PhysicalBoneSimulator3D"]
transform = Transform3D(-0.9679466, -0.07338305, -0.24019654, -0.25110242, 0.26295778, 0.93155825, -0.0051990333, 0.9620126, -0.27295572, 0.30970898, 1.0418026, 0.05239249)
collision_layer = 2
collision_mask = 2
joint_type = 2
joint_offset = Transform3D(1, 0, 0, 0, 1, 0, 0, 0, 1, 0.0002867806, -2.636879e-05, 0.17480198)
body_offset = Transform3D(1.0000006, 1.2712553e-06, -2.4340115e-05, -2.4323701e-05, 5.6117773e-05, -1.0000005, -1.2754463e-06, 1.0000005, 5.605817e-05, -0.00028252602, 0.17480206, 1.6570091e-05)
friction = 0.0
bone_name = "LowerArm.l"
joint_constraints/swing_span = 45.0
joint_constraints/twist_span = 45.0
joint_constraints/bias = 0.3
joint_constraints/softness = 0.8
joint_constraints/relaxation = 1.0

[node name="CollisionShape3D" type="CollisionShape3D" parent="BasicConnectedDude/Armature/Skeleton3D/PhysicalBoneSimulator3D/Physical Bone LowerArm_l"]
transform = Transform3D(1, 1.3620593e-07, -1.8626451e-09, -8.381903e-09, -2.682209e-07, 1, -6.61239e-08, -1.0000004, 0, 0, 0, -0.012054861)
shape = SubResource("CapsuleShape3D_nk2ac")
debug_color = Color(0.98080987, 0, 0.38050666, 0.41960785)

[node name="Physical Bone Hand_l" type="PhysicalBone3D" parent="BasicConnectedDude/Armature/Skeleton3D/PhysicalBoneSimulator3D"]
transform = Transform3D(-0.9840436, -0.08722034, -0.15508322, -0.17083853, 0.21958347, 0.96051925, -0.049723104, 0.9716871, -0.23098029, 0.35635194, 0.8326214, 0.10985863)
collision_layer = 2
collision_mask = 2
joint_type = 2
joint_offset = Transform3D(1, 0, 0, 0, 1, 0, 0, 0, 1, -3.5052966e-05, -6.275345e-06, 0.07527305)
body_offset = Transform3D(1.0000006, -3.0305237e-05, 6.4047053e-06, 6.417744e-06, -5.3197145e-06, -1.0000006, 3.029406e-05, 1.0000006, -5.3048134e-06, 3.4570694e-05, 0.0752731, 6.67572e-06)
friction = 0.0
bone_name = "Hand.l"
joint_constraints/swing_span = 45.0
joint_constraints/twist_span = 45.0
joint_constraints/bias = 0.3
joint_constraints/softness = 0.8
joint_constraints/relaxation = 1.0

[node name="CollisionShape3D" type="CollisionShape3D" parent="BasicConnectedDude/Armature/Skeleton3D/PhysicalBoneSimulator3D/Physical Bone Hand_l"]
transform = Transform3D(1, -1.17346644e-07, 1.3411045e-07, 4.0978193e-08, 0, 0.99999905, -1.3317913e-07, -0.99999994, 4.4703484e-08, 5.9604645e-08, 0, -0.0122308135)
shape = SubResource("CapsuleShape3D_h7iov")
debug_color = Color(0.979888, 0, 0.38821447, 0.41960785)

[node name="Physical Bone UpperLeg_l" type="PhysicalBone3D" parent="BasicConnectedDude/Armature/Skeleton3D/PhysicalBoneSimulator3D"]
transform = Transform3D(-0.9956135, -0.03572248, -0.08647335, -0.089528054, 0.095302105, 0.9914143, -0.027174681, 0.99480724, -0.09808222, 0.11380759, 0.6598768, 0.009143893)
collision_layer = 2
collision_mask = 2
joint_type = 2
joint_offset = Transform3D(1, 0, 0, 0, 1, 0, 0, 0, 1, 1.0658312e-05, 3.5050964e-06, 0.22513172)
body_offset = Transform3D(1.0000025, 9.81614e-07, -3.4171157e-05, -3.4163473e-05, -6.8321824e-06, -1.0000001, -9.797513e-07, 1.0000024, -6.8321824e-06, -2.965331e-06, 0.22513175, -1.9669533e-06)
friction = 0.0
bone_name = "UpperLeg.l"
joint_constraints/swing_span = 45.0
joint_constraints/twist_span = 45.0
joint_constraints/bias = 0.3
joint_constraints/softness = 0.8
joint_constraints/relaxation = 1.0

[node name="CollisionShape3D" type="CollisionShape3D" parent="BasicConnectedDude/Armature/Skeleton3D/PhysicalBoneSimulator3D/Physical Bone UpperLeg_l"]
transform = Transform3D(0.99999976, -7.590279e-08, 0, 5.5879354e-09, -1.0430813e-07, 0.99999976, 2.6309863e-08, -0.99999976, 0, 0, 1.1175871e-08, 0.019052684)
shape = SubResource("CapsuleShape3D_n7d1f")
debug_color = Color(0.9863686, 0, 0.32909745, 0.41960785)

[node name="Physical Bone LowerLeg_l" type="PhysicalBone3D" parent="BasicConnectedDude/Armature/Skeleton3D/PhysicalBoneSimulator3D"]
transform = Transform3D(-0.9985134, -0.019732662, -0.050809015, -0.04727301, -0.15051231, 0.98747724, -0.027132932, 0.98841125, 0.14935572, 0.14261974, 0.22801572, -0.009942491)
collision_layer = 2
collision_mask = 2
joint_type = 2
joint_offset = Transform3D(1, 0, 0, 0, 1, 0, 0, 0, 1, -2.0010908e-05, -1.045886e-05, 0.2502402)
body_offset = Transform3D(1.0000025, 3.2745302e-06, 5.448237e-08, 2.561137e-07, 3.796816e-05, -1.0000002, -3.2316893e-06, 1.0000021, 3.9041042e-05, 1.9997358e-05, 0.25024027, 6.891787e-07)
friction = 0.0
bone_name = "LowerLeg.l"
joint_constraints/swing_span = 45.0
joint_constraints/twist_span = 90.0
joint_constraints/bias = 0.3
joint_constraints/softness = 0.8
joint_constraints/relaxation = 1.0

[node name="CollisionShape3D" type="CollisionShape3D" parent="BasicConnectedDude/Armature/Skeleton3D/PhysicalBoneSimulator3D/Physical Bone LowerLeg_l"]
transform = Transform3D(0.99999946, 8.381903e-09, 1.6763806e-08, -9.313226e-09, -1.0430813e-07, 1, 1.8859282e-08, -0.99999964, 1.3411045e-07, -2.9802322e-08, 3.7252903e-09, -0.011093974)
shape = SubResource("CapsuleShape3D_62ls6")
debug_color = Color(0.98303825, 0, 0.36100057, 0.41960785)

[node name="Physical Bone UpperArm_r" type="PhysicalBone3D" parent="BasicConnectedDude/Armature/Skeleton3D/PhysicalBoneSimulator3D"]
transform = Transform3D(-0.70961714, -0.65809965, 0.25169125, 0.17260252, 0.18396853, 0.96765906, -0.6831193, 0.73010993, -0.016957564, -0.2134797, 1.3055797, 0.0023634909)
collision_layer = 2
collision_mask = 2
joint_type = 2
joint_offset = Transform3D(1, 0, 0, 0, 1, 0, 0, 0, 1, 0.00026160735, 0.00014545886, 0.1350897)
body_offset = Transform3D(1.0000007, -0.00013366342, 1.2698583e-05, 1.2705103e-05, 2.7551316e-05, -1.0000005, 0.00013369322, 1.0000006, 2.7583912e-05, -0.00026330352, 0.13508976, -0.00014922023)
friction = 0.0
bone_name = "UpperArm.r"
joint_constraints/swing_span = 45.0
joint_constraints/twist_span = 45.0
joint_constraints/bias = 0.3
joint_constraints/softness = 0.8
joint_constraints/relaxation = 1.0

[node name="CollisionShape3D" type="CollisionShape3D" parent="BasicConnectedDude/Armature/Skeleton3D/PhysicalBoneSimulator3D/Physical Bone UpperArm_r"]
transform = Transform3D(1, -1.8626451e-09, 0, 0, -2.6077032e-08, 1, 4.656613e-09, -0.9999998, -3.8184226e-08, -2.9802322e-08, -2.9802322e-08, 0.0055743456)
shape = SubResource("CapsuleShape3D_gw7x3")
debug_color = Color(0.9847732, 0, 0.34484252, 0.41960785)

[node name="Physical Bone LowerArm_r" type="PhysicalBone3D" parent="BasicConnectedDude/Armature/Skeleton3D/PhysicalBoneSimulator3D"]
transform = Transform3D(-0.75432307, -0.56889963, 0.3276431, 0.07353704, 0.42271292, 0.90327525, -0.6523718, 0.70545524, -0.27702692, -0.31755114, 0.9886816, 0.0679569)
collision_layer = 2
collision_mask = 2
joint_type = 2
joint_offset = Transform3D(1, 0, 0, 0, 1, 0, 0, 0, 1, 4.4279216e-07, -1.42444505e-05, 0.23008616)
body_offset = Transform3D(1.0000007, -5.662441e-07, -6.198883e-06, -6.273389e-06, -1.8030405e-06, -1.0000005, 6.556511e-07, 1.0000006, -1.8179417e-06, 9.834766e-07, 0.23008627, 1.4662743e-05)
friction = 0.0
bone_name = "LowerArm.r"
joint_constraints/swing_span = 45.0
joint_constraints/twist_span = 45.0
joint_constraints/bias = 0.3
joint_constraints/softness = 0.8
joint_constraints/relaxation = 1.0

[node name="CollisionShape3D" type="CollisionShape3D" parent="BasicConnectedDude/Armature/Skeleton3D/PhysicalBoneSimulator3D/Physical Bone LowerArm_r"]
transform = Transform3D(1, -5.5134296e-07, -2.9802322e-08, 0, 1.1920929e-07, 1, 5.9604645e-08, -0.99999976, -7.4505806e-08, 0, 0, -0.014496267)
shape = SubResource("CapsuleShape3D_f0pfe")
debug_color = Color(0.9816387, 0, 0.3734039, 0.41960785)

[node name="Physical Bone UpperLeg_r" type="PhysicalBone3D" parent="BasicConnectedDude/Armature/Skeleton3D/PhysicalBoneSimulator3D"]
transform = Transform3D(-0.9958727, 0.021443604, 0.0881926, 0.089861125, 0.09637558, 0.9912803, 0.012757011, 0.9951141, -0.097904734, -0.115951486, 0.6400664, 0.011062613)
collision_layer = 2
collision_mask = 2
joint_type = 2
joint_offset = Transform3D(1, 0, 0, 0, 1, 0, 0, 0, 1, -2.3887048e-06, 4.064057e-06, 0.245146)
body_offset = Transform3D(1.0000026, 9.182841e-06, 2.7249916e-05, 2.7263653e-05, -8.714944e-05, -1.0000001, -9.180047e-06, 1.0000025, -8.714944e-05, -4.2915344e-06, 0.24514604, 1.7300248e-05)
friction = 0.0
bone_name = "UpperLeg.r"
joint_constraints/swing_span = 45.0
joint_constraints/twist_span = 45.0
joint_constraints/bias = 0.3
joint_constraints/softness = 0.8
joint_constraints/relaxation = 1.0

[node name="CollisionShape3D" type="CollisionShape3D" parent="BasicConnectedDude/Armature/Skeleton3D/PhysicalBoneSimulator3D/Physical Bone UpperLeg_r"]
transform = Transform3D(0.99999905, -5.5064447e-08, 2.7939677e-09, -8.381903e-09, -2.2351742e-08, 0.9999996, -9.3714334e-08, -0.99999917, -5.2154064e-08, 0, 7.450581e-09, 0.022470534)
shape = SubResource("CapsuleShape3D_jlwu0")
debug_color = Color(0.9769748, 0, 0.41136557, 0.41960785)

[node name="Physical Bone LowerLeg_r" type="PhysicalBone3D" parent="BasicConnectedDude/Armature/Skeleton3D/PhysicalBoneSimulator3D"]
transform = Transform3D(-0.9987854, 0.005470558, 0.048967835, 0.047601074, -0.14952132, 0.98761207, 0.012724524, 0.98874336, 0.14907931, -0.14287919, 0.22810137, -0.009967711)
collision_layer = 2
collision_mask = 2
joint_type = 2
joint_offset = Transform3D(1, 0, 0, 0, 1, 0, 0, 0, 1, 1.8982915e-06, -1.1592454e-05, 0.25017232)
body_offset = Transform3D(1.0000025, -1.0225922e-06, 2.743909e-07, 7.7532604e-08, 3.85195e-05, -1.0000002, 9.760261e-07, 1.0000019, 3.9592385e-05, -1.9669533e-06, 0.25017238, 1.6875565e-06)
friction = 0.0
bone_name = "LowerLeg.r"
joint_constraints/swing_span = 45.0
joint_constraints/twist_span = 90.0
joint_constraints/bias = 0.3
joint_constraints/softness = 0.8
joint_constraints/relaxation = 1.0

[node name="CollisionShape3D" type="CollisionShape3D" parent="BasicConnectedDude/Armature/Skeleton3D/PhysicalBoneSimulator3D/Physical Bone LowerLeg_r"]
transform = Transform3D(1, 7.194467e-08, 0, 3.7252903e-09, -1.4901161e-07, 1, 3.9464794e-08, -1, 1.4901161e-08, 0, 3.7252903e-09, -0.010849744)
shape = SubResource("CapsuleShape3D_xm2ed")
debug_color = Color(0.98475224, 0, 0.34504607, 0.41960785)

[node name="AnimationPlayer" parent="BasicConnectedDude" index="3"]
autoplay = "Idle"

[node name="AnimationTree" type="AnimationTree" parent="BasicConnectedDude"]
tree_root = SubResource("AnimationNodeBlendTree_6pvwk")
anim_player = NodePath("../AnimationPlayer")
parameters/Blend3/blend_amount = 1.0
parameters/Blend2/blend_amount = 1.0
parameters/TimeSeek/seek_request = -1.0
parameters/OneShot/active = false
parameters/OneShot/internal_active = false
parameters/OneShot/request = 0

[node name="CollisionShape3D" type="CollisionShape3D" parent="."]
transform = Transform3D(1, 0, 0, 0, 1, 0, 0, 0, 1, 0, 0.90723574, 0)
shape = SubResource("CapsuleShape3D_jlik3")

[node name="RunRay" type="RayCast3D" parent="."]
transform = Transform3D(1, 0, 0, 0, 1, 0, 0, 0, 1, 0, 1.3258612, 0)
target_position = Vector3(0, 0, 20)
collide_with_areas = true
debug_shape_custom_color = Color(0, 1, 0, 1)

[node name="AimRay" type="RayCast3D" parent="."]
transform = Transform3D(1, 0, 0, 0, 1, 0, 0, 0, 1, 0, 1.2055721, 0)
target_position = Vector3(0, 0, 10)
collide_with_areas = true
debug_shape_custom_color = Color(0.5137255, 0.5137255, 0, 1)

[node name="Fire" type="Timer" parent="."]
wait_time = 3.0
one_shot = true

[node name="Sounds" type="Control" parent="."]
layout_mode = 3
anchors_preset = 0
offset_right = 40.0
offset_bottom = 40.0

[node name="FireSound" type="AudioStreamPlayer" parent="Sounds"]
stream = ExtResource("3_lal1l")

[connection signal="timeout" from="Fire" to="." method="_on_fire_timeout"]

[editable path="BasicConnectedDude"]
