[gd_scene load_steps=16 format=3 uid="uid://cpvimjxc4obem"]

[ext_resource type="Script" uid="uid://d0u76i8q3uo4q" path="res://Scripts/basic_enemy.gd" id="1_fecjr"]
[ext_resource type="PackedScene" uid="uid://8nj3hupdwyla" path="res://3D/BasicEnemy3.blend" id="2_fecjr"]

[sub_resource type="CapsuleShape3D" id="CapsuleShape3D_6cefa"]
radius = 0.07373047
height = 0.59521484

[sub_resource type="CapsuleShape3D" id="CapsuleShape3D_6kac6"]
radius = 0.09472656
height = 0.3612671

[sub_resource type="CapsuleShape3D" id="CapsuleShape3D_r4aor"]
radius = 0.05419922
height = 0.47485352

[sub_resource type="CapsuleShape3D" id="CapsuleShape3D_fecjr"]
radius = 0.072753906
height = 0.3600006

[sub_resource type="CapsuleShape3D" id="CapsuleShape3D_mbxfi"]
radius = 0.2084961
height = 0.76287395

[sub_resource type="CapsuleShape3D" id="CapsuleShape3D_lal1l"]
radius = 0.08154297
height = 0.28674316

[sub_resource type="CapsuleShape3D" id="CapsuleShape3D_6pvwk"]
radius = 0.060332514
height = 0.6033251

[sub_resource type="CapsuleShape3D" id="CapsuleShape3D_dhrsy"]
radius = 0.026495546
height = 0.26495546

[sub_resource type="CapsuleShape3D" id="CapsuleShape3D_nk2ac"]
radius = 0.04122303
height = 0.4122303

[sub_resource type="CapsuleShape3D" id="CapsuleShape3D_h7iov"]
radius = 0.04751262
height = 0.4751262

[sub_resource type="CapsuleShape3D" id="CapsuleShape3D_n7d1f"]
radius = 0.026495546
height = 0.26495546

[sub_resource type="CapsuleShape3D" id="CapsuleShape3D_62ls6"]
radius = 0.04122303
height = 0.4122303

[sub_resource type="CapsuleShape3D" id="CapsuleShape3D_gw7x3"]
radius = 0.04751262
height = 0.4751262

[node name="BasicEnemy" type="CharacterBody3D"]
script = ExtResource("1_fecjr")

[node name="BasicEnemy3" parent="." instance=ExtResource("2_fecjr")]

[node name="Skeleton3D" parent="BasicEnemy3/Armature" index="0"]
bones/0/position = Vector3(0, 0.97974527, 0)
bones/0/rotation = Quaternion(0.051871896, 0, 4.449809e-18, 0.99865377)
bones/1/rotation = Quaternion(0.121605426, 1.1881201e-07, 9.724023e-09, 0.9925786)
bones/2/rotation = Quaternion(-0.04624135, -0.31938323, 0.9356505, -0.14287859)
bones/3/rotation = Quaternion(0.13315503, 0.0029387926, -0.1764663, 0.9752542)
bones/4/rotation = Quaternion(0.104019605, 0.33509007, 0.9356696, -0.037644833)
bones/4/scale = Vector3(1.0000482, 0.99999326, 1.0000342)
bones/5/rotation = Quaternion(-0.25403818, 0.00011216878, -0.009290331, 0.96714956)
bones/6/rotation = Quaternion(0.540326, 0.079993814, -0.05972122, 0.8355132)
bones/6/scale = Vector3(1.0000402, 0.99999624, 0.99998915)
bones/7/rotation = Quaternion(-0.036652476, 0.19623235, 0.9654661, 0.1674064)
bones/8/rotation = Quaternion(0.16335385, 0.004806866, 0.15656556, 0.97405326)
bones/9/rotation = Quaternion(-0.046193056, 0.045953996, 0.9923046, 0.10529044)
bones/9/scale = Vector3(1.0000485, 1.0000024, 1.0000267)
bones/10/rotation = Quaternion(-0.581041, -9.40411e-05, 0.021249108, 0.81359684)
bones/10/scale = Vector3(0.99999833, 0.9999843, 1.0000136)
bones/11/rotation = Quaternion(0.3647019, -0.14841016, 0.03996724, 0.91835153)
bones/11/scale = Vector3(1.00004, 0.99999887, 0.9999866)
bones/12/position = Vector3(0.21303345, 0.59517395, 0.42647362)
bones/12/rotation = Quaternion(-0.028027061, 0.70655113, 0.7065512, -0.028027058)
bones/13/position = Vector3(0.17388502, 0.1670658, 0.21898566)
bones/13/rotation = Quaternion(-0.028951675, 0.62715286, -0.77800804, 0.023337966)
bones/14/position = Vector3(-0.22375919, 0.59517395, 0.42647362)
bones/15/position = Vector3(-0.17388502, 0.4287162, -0.4926491)
bones/15/rotation = Quaternion(0.0013612797, 0.9986386, -0.036581337, -0.03716191)

[node name="LowerLeg_r" type="BoneAttachment3D" parent="BasicEnemy3/Armature/Skeleton3D" index="1"]
transform = Transform3D(-0.9781096, 0.04203247, -0.20402315, 0.18010657, -0.32153153, -0.9296281, -0.10467537, -0.9459745, 0.3069258, -0.19385132, 0.5814572, -0.04323135)
bone_name = "LowerLeg.r"
bone_idx = 10

[node name="LowerLeg_r" type="Area3D" parent="BasicEnemy3/Armature/Skeleton3D/LowerLeg_r"]

[node name="CollisionShape3D" type="CollisionShape3D" parent="BasicEnemy3/Armature/Skeleton3D/LowerLeg_r/LowerLeg_r"]
transform = Transform3D(0.99999744, 7.227063e-07, 3.427267e-07, 3.9115548e-08, 1, 1.0430813e-07, -4.4703484e-08, -4.246831e-07, 1.0000006, -1.4901161e-08, 0.2770991, -1.0803342e-07)
shape = SubResource("CapsuleShape3D_6cefa")

[node name="LowerLeg_l" type="BoneAttachment3D" parent="BasicEnemy3/Armature/Skeleton3D" index="2"]
transform = Transform3D(-0.9771677, 0.021309778, 0.21161845, -0.0060070874, -0.99733865, 0.07274079, 0.2126107, 0.06977031, 0.9746666, 0.16373822, 0.64090943, 0.18584096)
bone_name = "LowerLeg.l"
bone_idx = 5

[node name="LowerLeg_l" type="Area3D" parent="BasicEnemy3/Armature/Skeleton3D/LowerLeg_l"]

[node name="CollisionShape3D" type="CollisionShape3D" parent="BasicEnemy3/Armature/Skeleton3D/LowerLeg_l/LowerLeg_l"]
transform = Transform3D(0.99999744, 7.227063e-07, 3.427267e-07, 3.9115548e-08, 1, 1.0430813e-07, -4.4703484e-08, -4.246831e-07, 1.0000006, -1.4901161e-08, 0.2770991, -1.0803342e-07)
shape = SubResource("CapsuleShape3D_6cefa")

[node name="UpperLeg_r" type="BoneAttachment3D" parent="BasicEnemy3/Armature/Skeleton3D" index="3"]
transform = Transform3D(-0.97360754, -0.21320637, -0.082000315, 0.2141241, -0.97680825, -0.002339512, -0.079601325, -0.019834578, 0.9966563, -0.105961174, 0.98412716, -0.03505493)
bone_name = "UpperLeg.r"
bone_idx = 9

[node name="UpperLeg_r" type="Area3D" parent="BasicEnemy3/Armature/Skeleton3D/UpperLeg_r"]

[node name="CollisionShape3D" type="CollisionShape3D" parent="BasicEnemy3/Armature/Skeleton3D/UpperLeg_r/UpperLeg_r"]
transform = Transform3D(1.0000056, -3.7811697e-07, -7.8976154e-07, -1.7043203e-07, 1, 1.616776e-06, -5.5134296e-07, 1.5646219e-07, 1.0000023, -4.4703484e-08, 0.23715234, 8.195639e-08)
shape = SubResource("CapsuleShape3D_6kac6")

[node name="UpperLeg_l" type="BoneAttachment3D" parent="BasicEnemy3/Armature/Skeleton3D" index="4"]
transform = Transform3D(-0.9755726, 0.14015718, 0.16943292, -0.023512531, -0.8325873, 0.5534052, 0.21863592, 0.53585553, 0.81553876, 0.105961174, 0.98412716, -0.03505493)
bone_name = "UpperLeg.l"
bone_idx = 4

[node name="UpperLeg_l" type="Area3D" parent="BasicEnemy3/Armature/Skeleton3D/UpperLeg_l"]

[node name="CollisionShape3D" type="CollisionShape3D" parent="BasicEnemy3/Armature/Skeleton3D/UpperLeg_l/UpperLeg_l"]
transform = Transform3D(1.0000056, -3.7811697e-07, -7.8976154e-07, -1.7043203e-07, 1, 1.616776e-06, -5.5134296e-07, 1.5646219e-07, 1.0000023, -4.4703484e-08, 0.23715234, 8.195639e-08)
shape = SubResource("CapsuleShape3D_6kac6")

[node name="LowerArm_r" type="BoneAttachment3D" parent="BasicEnemy3/Armature/Skeleton3D" index="5"]
transform = Transform3D(-0.99879754, -0.019071637, 0.04517521, 0.041850526, -0.8116655, 0.5826216, 0.025555447, 0.58381134, 0.8114869, -0.28062633, 1.2856786, 0.101081684)
bone_name = "LowerArm.r"
bone_idx = 8

[node name="LowerArm_r" type="Area3D" parent="BasicEnemy3/Armature/Skeleton3D/LowerArm_r"]

[node name="CollisionShape3D" type="CollisionShape3D" parent="BasicEnemy3/Armature/Skeleton3D/LowerArm_r/LowerArm_r"]
transform = Transform3D(0.999997, -2.7788337e-07, 1.3154931e-08, 1.4630496e-07, 0.9999989, 0, 7.475028e-07, 5.066395e-07, 1, -2.9802322e-08, 0.2464602, 5.9604645e-08)
shape = SubResource("CapsuleShape3D_r4aor")

[node name="LowerArm_l" type="BoneAttachment3D" parent="BasicEnemy3/Armature/Skeleton3D" index="6"]
transform = Transform3D(-0.99761945, -0.060310457, -0.033452343, 0.06896362, -0.8766925, -0.47608185, -0.0006150417, -0.4772554, 0.87876415, 0.26983497, 1.3412428, -0.1464898)
bone_name = "LowerArm.l"
bone_idx = 3

[node name="LowerArm_l" type="Area3D" parent="BasicEnemy3/Armature/Skeleton3D/LowerArm_l"]

[node name="CollisionShape3D" type="CollisionShape3D" parent="BasicEnemy3/Armature/Skeleton3D/LowerArm_l/LowerArm_l"]
transform = Transform3D(0.999997, -2.7788337e-07, 1.3154931e-08, 1.4630496e-07, 0.9999989, 0, 7.475028e-07, 5.066395e-07, 1, -2.9802322e-08, 0.2464602, 5.9604645e-08)
shape = SubResource("CapsuleShape3D_r4aor")

[node name="UpperArm_r" type="BoneAttachment3D" parent="BasicEnemy3/Armature/Skeleton3D" index="7"]
transform = Transform3D(-0.9412641, -0.33763513, -0.0050723474, 0.32134295, -0.9002561, 0.2937311, -0.10374044, 0.2748484, 0.95587456, -0.19116795, 1.5242064, 0.028259108)
bone_name = "UpperArm.r"
bone_idx = 7

[node name="UpperArm_r" type="Area3D" parent="BasicEnemy3/Armature/Skeleton3D/UpperArm_r"]

[node name="CollisionShape3D" type="CollisionShape3D" parent="BasicEnemy3/Armature/Skeleton3D/UpperArm_r/UpperArm_r"]
transform = Transform3D(1, 2.650272e-07, -9.604264e-10, -3.389232e-09, 1.0000004, -3.7252903e-09, 1.29512046e-08, -2.7939677e-09, 1, 2.9802322e-07, 0.11667645, 3.7252903e-08)
shape = SubResource("CapsuleShape3D_fecjr")

[node name="UpperArm_l" type="BoneAttachment3D" parent="BasicEnemy3/Armature/Skeleton3D" index="8"]
transform = Transform3D(-0.95489556, 0.2969062, 0.004734568, -0.21813112, -0.69054496, -0.6896131, -0.2014812, -0.6595408, 0.7241623, 0.19116795, 1.5242064, 0.028259108)
bone_name = "UpperArm.l"
bone_idx = 2

[node name="UpperArm_l" type="Area3D" parent="BasicEnemy3/Armature/Skeleton3D/UpperArm_l"]

[node name="CollisionShape3D" type="CollisionShape3D" parent="BasicEnemy3/Armature/Skeleton3D/UpperArm_l/UpperArm_l"]
transform = Transform3D(1, 2.650272e-07, -9.604264e-10, -3.389232e-09, 1.0000004, -3.7252903e-09, 1.29512046e-08, -2.7939677e-09, 1, 2.9802322e-07, 0.11667645, 3.7252903e-08)
shape = SubResource("CapsuleShape3D_fecjr")

[node name="Body" type="BoneAttachment3D" parent="BasicEnemy3/Armature/Skeleton3D" index="9"]
transform = Transform3D(1, -8.887637e-18, 4.6164004e-19, 8.887637e-18, 0.9946186, -0.10360413, 4.6164004e-19, 0.10360413, 0.9946186, 0, 0.97974527, 0)
bone_name = "Body"
bone_idx = 0

[node name="Body" type="Area3D" parent="BasicEnemy3/Armature/Skeleton3D/Body"]

[node name="Body" type="CollisionShape3D" parent="BasicEnemy3/Armature/Skeleton3D/Body/Body"]
transform = Transform3D(1, 0, 0, 0, 1, 0, 0, 0, 1, 0, 0.26797712, 0)
shape = SubResource("CapsuleShape3D_mbxfi")

[node name="Head" type="BoneAttachment3D" parent="BasicEnemy3/Armature/Skeleton3D" index="10"]
transform = Transform3D(1, 9.592651e-09, 2.3822544e-07, 7.213178e-08, 0.94019127, -0.34064668, -2.2724522e-07, 0.34064668, 0.94019127, -5.3621346e-18, 1.5798237, 0.062506974)
bone_name = "Head"
bone_idx = 1

[node name="Head" type="Area3D" parent="BasicEnemy3/Armature/Skeleton3D/Head"]

[node name="CollisionShape3D" type="CollisionShape3D" parent="BasicEnemy3/Armature/Skeleton3D/Head/Head"]
transform = Transform3D(1, 1.2079227e-13, -4.6327386e-12, 0, 1.0000052, -3.7252903e-07, 0, 3.7252903e-07, 1.0000052, -1.4210855e-14, 0.16461289, 1.7881393e-07)
shape = SubResource("CapsuleShape3D_lal1l")

[node name="PhysicalBoneSimulator3D" type="PhysicalBoneSimulator3D" parent="BasicEnemy3/Armature/Skeleton3D" index="11"]

[node name="Physical Bone Body" type="PhysicalBone3D" parent="BasicEnemy3/Armature/Skeleton3D/PhysicalBoneSimulator3D"]
transform = Transform3D(1, 4.616402e-19, 8.887637e-18, 8.887637e-18, -0.10360413, -0.9946186, 4.6164004e-19, 0.9946186, -0.10360413, -2.6810442e-18, 1.2797806, 0.031253263)
joint_offset = Transform3D(1, 0, 0, 0, 1, 0, 0, 0, 1, 1.0828401e-23, -1.7136335e-07, 0.30165875)
body_offset = Transform3D(1, 1.5509636e-25, -2.4880042e-25, 2.3264455e-25, 0, -1, 0, 1, 0, -1.0753348e-23, 0.30165875, 1.7136335e-07)
bone_name = "Body"

[node name="CollisionShape3D" type="CollisionShape3D" parent="BasicEnemy3/Armature/Skeleton3D/PhysicalBoneSimulator3D/Physical Bone Body"]
transform = Transform3D(1, 0, 0, 0, 0, 1, 0, -1, 0, 0, 0, 0)
shape = SubResource("CapsuleShape3D_6pvwk")

[node name="Physical Bone UpperArm_l" type="PhysicalBone3D" parent="BasicEnemy3/Armature/Skeleton3D/PhysicalBoneSimulator3D"]
transform = Transform3D(-0.9548948, 0.0047345688, -0.29690662, -0.21813126, -0.6896133, 0.690545, -0.20148131, 0.72416246, 0.65954083, 0.2305009, 1.4327202, -0.059113152)
joint_type = 1
joint_offset = Transform3D(1, 0, 0, 0, 1, 0, 0, 0, 1, -1.0626319e-06, -4.6491614e-06, 0.13247916)
body_offset = Transform3D(0.9999993, 1.4901161e-08, 3.7252903e-07, 4.172325e-07, 0, -1.0000002, 0, 1.0000002, 0, 1.013279e-06, 0.13247919, 4.6491623e-06)
bone_name = "UpperArm.l"
joint_constraints/bias = 0.3
joint_constraints/damping = 1.0
joint_constraints/impulse_clamp = 0.0

[node name="CollisionShape3D" type="CollisionShape3D" parent="BasicEnemy3/Armature/Skeleton3D/PhysicalBoneSimulator3D/Physical Bone UpperArm_l"]
transform = Transform3D(1, 0, 0, 0, 0, 1, 0, -1, 0, 0, 0, 0)
shape = SubResource("CapsuleShape3D_dhrsy")

[node name="Physical Bone UpperLeg_l" type="PhysicalBone3D" parent="BasicEnemy3/Armature/Skeleton3D/PhysicalBoneSimulator3D"]
transform = Transform3D(-0.97552747, 0.1694221, -0.1401514, -0.023507832, 0.55338883, 0.8325913, 0.21861756, 0.81551033, -0.5358632, 0.13484909, 0.8125179, 0.07539331)
joint_type = 1
joint_offset = Transform3D(1, 0, 0, 0, 1, 0, 0, 0, 1, 8.590134e-07, 7.396494e-07, 0.2061142)
body_offset = Transform3D(0.99995184, 4.723668e-06, -7.4207783e-06, -7.4356794e-06, -3.1292439e-06, -1.0000068, -4.7385693e-06, 0.9999659, -3.0100346e-06, 6.7055225e-07, 0.2061156, -1.1920929e-07)
bone_name = "UpperLeg.l"
joint_constraints/bias = 0.3
joint_constraints/damping = 1.0
joint_constraints/impulse_clamp = 0.0

[node name="CollisionShape3D" type="CollisionShape3D" parent="BasicEnemy3/Armature/Skeleton3D/PhysicalBoneSimulator3D/Physical Bone UpperLeg_l"]
transform = Transform3D(1, 0, 0, 0, 0, 1, 0, -1, 0, 0, 0, 0)
shape = SubResource("CapsuleShape3D_nk2ac")

[node name="Physical Bone LowerLeg_l" type="PhysicalBone3D" parent="BasicEnemy3/Armature/Skeleton3D/PhysicalBoneSimulator3D"]
transform = Transform3D(-0.97712076, 0.21161418, -0.021318836, -0.006006795, 0.07273905, 0.99733293, 0.2126005, 0.9746428, -0.069803715, 0.16880064, 0.4039786, 0.20241582)
joint_type = 1
joint_offset = Transform3D(1, 0, 0, 0, 1, 0, 0, 0, 1, -4.304915e-07, 8.289059e-06, 0.23756386)
body_offset = Transform3D(0.9999519, -8.6426735e-07, 1.7806888e-06, -3.7252903e-09, -7.450581e-09, -0.9999967, 0, 0.9999758, -3.489107e-05, 7.450581e-09, 0.2375631, 0)
bone_name = "LowerLeg.l"
joint_constraints/bias = 0.3
joint_constraints/damping = 1.0
joint_constraints/impulse_clamp = 0.0

[node name="CollisionShape3D" type="CollisionShape3D" parent="BasicEnemy3/Armature/Skeleton3D/PhysicalBoneSimulator3D/Physical Bone LowerLeg_l"]
transform = Transform3D(1, 0, 0, 0, 0, 1, 0, -1, 0, 0, 0, 0)
shape = SubResource("CapsuleShape3D_h7iov")

[node name="Physical Bone UpperArm_r" type="PhysicalBone3D" parent="BasicEnemy3/Armature/Skeleton3D/PhysicalBoneSimulator3D"]
transform = Transform3D(-0.94126344, -0.005072768, 0.33763513, 0.32134265, 0.29373074, 0.90025616, -0.103740595, 0.9558748, -0.2748479, -0.23589715, 1.4049425, 0.06467046)
joint_type = 1
joint_offset = Transform3D(1, 0, 0, 0, 1, 0, 0, 0, 1, -5.4175946e-08, -1.2277496e-07, 0.13247778)
body_offset = Transform3D(0.9999994, 2.6077032e-07, -4.0978193e-08, 2.0489097e-08, 5.364418e-07, -0.9999999, -2.5331974e-07, 1.0000002, 4.7683716e-07, 5.9604645e-08, 0.13247776, 5.9604645e-08)
bone_name = "UpperArm.r"
joint_constraints/bias = 0.3
joint_constraints/damping = 1.0
joint_constraints/impulse_clamp = 0.0

[node name="CollisionShape3D" type="CollisionShape3D" parent="BasicEnemy3/Armature/Skeleton3D/PhysicalBoneSimulator3D/Physical Bone UpperArm_r"]
transform = Transform3D(1, 0, 0, 0, 0, 1, 0, -1, 0, 0, 0, 0)
shape = SubResource("CapsuleShape3D_n7d1f")

[node name="Physical Bone UpperLeg_r" type="PhysicalBone3D" parent="BasicEnemy3/Armature/Skeleton3D/PhysicalBoneSimulator3D"]
transform = Transform3D(-0.97356033, -0.081997745, 0.21320595, 0.21411379, -0.002339511, 0.9768059, -0.07959709, 0.9966298, 0.019834502, -0.1499065, 0.78279114, -0.039143145)
joint_type = 1
joint_offset = Transform3D(1, 0, 0, 0, 1, 0, 0, 0, 1, -1.2190475e-08, -9.085596e-09, 0.20611678)
body_offset = Transform3D(0.9999515, -3.874302e-07, -8.5448846e-08, -7.136259e-08, -2.4214387e-08, -0.99999756, 3.7252903e-07, 0.9999733, -3.7252903e-08, 2.9802322e-08, 0.20611626, 1.6763806e-08)
bone_name = "UpperLeg.r"
joint_constraints/bias = 0.3
joint_constraints/damping = 1.0
joint_constraints/impulse_clamp = 0.0

[node name="CollisionShape3D" type="CollisionShape3D" parent="BasicEnemy3/Armature/Skeleton3D/PhysicalBoneSimulator3D/Physical Bone UpperLeg_r"]
transform = Transform3D(1, 0, 0, 0, 0, 1, 0, -1, 0, 0, 0, 0)
shape = SubResource("CapsuleShape3D_62ls6")

[node name="Physical Bone LowerLeg_r" type="PhysicalBone3D" parent="BasicEnemy3/Armature/Skeleton3D/PhysicalBoneSimulator3D"]
transform = Transform3D(-0.97806376, -0.204022, -0.042027056, 0.18009813, -0.9296103, 0.32154226, -0.104670465, 0.30691984, 0.94596213, -0.18386596, 0.5050732, -0.26795992)
joint_type = 1
joint_offset = Transform3D(1, 0, 0, 0, 1, 0, 0, 0, 1, 4.8853275e-07, 3.5259013e-06, 0.23756507)
body_offset = Transform3D(0.99995315, 2.708286e-06, -2.0563602e-06, 0, -2.9802322e-08, -0.9999914, 0, 0.99998134, -1.4841557e-05, 0, 0.23756303, 0)
bone_name = "LowerLeg.r"
joint_constraints/bias = 0.3
joint_constraints/damping = 1.0
joint_constraints/impulse_clamp = 0.0

[node name="CollisionShape3D" type="CollisionShape3D" parent="BasicEnemy3/Armature/Skeleton3D/PhysicalBoneSimulator3D/Physical Bone LowerLeg_r"]
transform = Transform3D(1, 0, 0, 0, 0, 1, 0, -1, 0, 0, 0, 0)
shape = SubResource("CapsuleShape3D_gw7x3")

[node name="AnimationPlayer" parent="BasicEnemy3" index="3"]
autoplay = "Run"

[editable path="BasicEnemy3"]
